2.726374566555023193e-01
3.631384670734405518e-01
4.846400320529937744e-01
4.218475818634033203e-01
5.226933360099792480e-01
6.089923977851867676e-01
6.798493862152099609e-01
7.202626466751098633e-01
6.442419886589050293e-01
7.495894432067871094e-01
7.743771672248840332e-01
7.792936563491821289e-01
8.056789636611938477e-01
8.029083609580993652e-01
6.975762248039245605e-01
8.036319017410278320e-01
7.760996222496032715e-01
8.297812342643737793e-01
8.339843750000000000e-01
8.586770892143249512e-01
8.684723973274230957e-01
8.885341882705688477e-01
8.865701556205749512e-01
8.756366968154907227e-01
8.933815360069274902e-01
9.495674967765808105e-01
9.489006400108337402e-01
9.605841040611267090e-01
9.500240683555603027e-01
9.807187914848327637e-01
9.725695848464965820e-01
1.005235671997070312e+00
1.008903861045837402e+00
9.778402447700500488e-01
9.604395031929016113e-01
9.798451662063598633e-01
1.007462859153747559e+00
1.066913127899169922e+00
1.052219152450561523e+00
1.004485011100769043e+00
1.010245203971862793e+00
1.023199439048767090e+00
1.055215120315551758e+00
1.075272440910339355e+00
1.056219220161437988e+00
1.042335391044616699e+00
1.033343076705932617e+00
1.028999209403991699e+00
1.054881572723388672e+00
1.113334894180297852e+00
1.076796770095825195e+00
1.087514877319335938e+00
1.082439541816711426e+00
1.071167230606079102e+00
1.087097167968750000e+00
1.119336724281311035e+00
1.109133601188659668e+00
1.098424315452575684e+00
1.077706217765808105e+00
1.089053153991699219e+00
1.089461207389831543e+00
1.092348456382751465e+00
1.107498049736022949e+00
1.098500609397888184e+00
1.118979334831237793e+00
1.136188149452209473e+00
1.113732814788818359e+00
1.068625688552856445e+00
1.096557974815368652e+00
1.122397422790527344e+00
1.071358323097229004e+00
1.071864366531372070e+00
1.082624316215515137e+00
1.125577807426452637e+00
1.102620482444763184e+00
1.099473834037780762e+00
1.090785861015319824e+00
1.112071514129638672e+00
1.092324256896972656e+00
1.068735957145690918e+00
1.081004500389099121e+00
1.057424545288085938e+00
1.070460200309753418e+00
1.103545069694519043e+00
1.056780815124511719e+00
1.123066425323486328e+00
1.104716420173645020e+00
1.075744628906250000e+00
1.093432307243347168e+00
1.078587770462036133e+00
1.086008310317993164e+00
1.101453900337219238e+00
1.068558335304260254e+00
1.085246205329895020e+00
1.105558037757873535e+00
1.103900551795959473e+00
1.106601119041442871e+00
1.082037329673767090e+00
1.079982757568359375e+00
1.082731485366821289e+00
1.093407630920410156e+00
1.095065116882324219e+00
1.111690402030944824e+00
1.120112776756286621e+00
1.097761154174804688e+00
1.099810719490051270e+00
1.083039164543151855e+00
1.134931564331054688e+00
1.139645338058471680e+00
1.120927453041076660e+00
1.115949869155883789e+00
1.119420409202575684e+00
1.125964760780334473e+00
1.150021791458129883e+00
1.176848530769348145e+00
1.148994207382202148e+00
1.113207221031188965e+00
1.113716363906860352e+00
1.146658301353454590e+00
1.150657415390014648e+00
1.153678178787231445e+00
1.154834389686584473e+00
1.141467928886413574e+00
1.130105614662170410e+00
1.137246251106262207e+00
1.144972562789916992e+00
1.158801317214965820e+00
1.190422177314758301e+00
1.168661594390869141e+00
1.162610530853271484e+00
1.165359735488891602e+00
1.184476613998413086e+00
1.167504072189331055e+00
1.161558866500854492e+00
1.153143763542175293e+00
1.159881472587585449e+00
1.166465044021606445e+00
1.184605836868286133e+00
1.145794510841369629e+00
1.173734068870544434e+00
1.162032008171081543e+00
1.126788973808288574e+00
1.131417155265808105e+00
1.150009870529174805e+00
1.152778863906860352e+00
1.181815385818481445e+00
1.150528907775878906e+00
1.139686107635498047e+00
1.101522326469421387e+00
1.122456431388854980e+00
1.135776162147521973e+00
1.164664149284362793e+00
1.161381602287292480e+00
1.118497490882873535e+00
1.132124900817871094e+00
1.130574584007263184e+00
1.148405075073242188e+00
1.163761138916015625e+00
1.146565794944763184e+00
1.142160058021545410e+00
1.159509181976318359e+00
1.167251467704772949e+00
1.168388605117797852e+00
1.178118586540222168e+00
1.175696611404418945e+00
1.163703203201293945e+00
1.166238069534301758e+00
1.161376476287841797e+00
1.127353668212890625e+00
1.134681105613708496e+00
1.163025140762329102e+00
1.164842963218688965e+00
1.162693023681640625e+00
1.161702036857604980e+00
1.165968775749206543e+00
1.138846755027770996e+00
1.141412138938903809e+00
1.133485674858093262e+00
1.130002617835998535e+00
1.139137148857116699e+00
1.183476090431213379e+00
1.141373276710510254e+00
1.141461014747619629e+00
1.132210850715637207e+00
1.122012853622436523e+00
1.129357457160949707e+00
1.134539842605590820e+00
1.146422982215881348e+00
1.129508018493652344e+00
1.130884528160095215e+00
1.149873971939086914e+00
1.130647182464599609e+00
1.142184138298034668e+00
1.149283766746520996e+00
1.137866973876953125e+00
1.147804021835327148e+00
1.137032389640808105e+00
1.131252646446228027e+00
1.138931632041931152e+00
1.152321696281433105e+00
1.145269393920898438e+00
1.137626051902770996e+00
1.141452670097351074e+00
1.137582778930664062e+00
1.161372184753417969e+00
1.152980327606201172e+00
1.133559346199035645e+00
1.150292277336120605e+00
1.152778625488281250e+00
1.165975093841552734e+00
1.129728555679321289e+00
1.130333542823791504e+00
1.127537012100219727e+00
1.155100703239440918e+00
1.182308077812194824e+00
1.187915682792663574e+00
1.170804858207702637e+00
1.147781729698181152e+00
1.149353265762329102e+00
1.146344542503356934e+00
1.166262984275817871e+00
1.158472657203674316e+00
1.149012923240661621e+00
1.168052434921264648e+00
1.183687806129455566e+00
1.194161891937255859e+00
1.149638056755065918e+00
1.151380419731140137e+00
1.148500442504882812e+00
1.133881211280822754e+00
1.152681708335876465e+00
1.125467538833618164e+00
1.200157999992370605e+00
1.164866209030151367e+00
1.172809720039367676e+00
1.171247959136962891e+00
1.177184462547302246e+00
1.153368592262268066e+00
1.180001258850097656e+00
1.199841141700744629e+00
1.207810997962951660e+00
1.198296427726745605e+00
1.201394677162170410e+00
1.194937944412231445e+00
1.194577932357788086e+00
1.197447657585144043e+00
1.204759001731872559e+00
1.219959616661071777e+00
1.203848361968994141e+00
1.198108673095703125e+00
1.171550035476684570e+00
1.190951108932495117e+00
1.201164484024047852e+00
1.195978879928588867e+00
1.220802307128906250e+00
1.209585189819335938e+00
1.186758875846862793e+00
1.186088919639587402e+00
1.170442223548889160e+00
1.175912261009216309e+00
1.184117913246154785e+00
1.197048664093017578e+00
1.192446112632751465e+00
1.203490138053894043e+00
1.176534056663513184e+00
1.183874607086181641e+00
1.190178394317626953e+00
1.182025313377380371e+00
1.193441748619079590e+00
1.193735003471374512e+00
1.201521754264831543e+00
1.193153142929077148e+00
1.183874487876892090e+00
1.182731866836547852e+00
1.178620219230651855e+00
1.191701889038085938e+00
1.184525966644287109e+00
1.204577326774597168e+00
1.210118293762207031e+00
1.206927061080932617e+00
1.193000078201293945e+00
1.177219510078430176e+00
1.174415946006774902e+00
1.201085209846496582e+00
1.186404585838317871e+00
1.198566317558288574e+00
1.183309555053710938e+00
1.189018607139587402e+00
1.175853133201599121e+00
1.185043215751647949e+00
1.198257446289062500e+00
1.221623063087463379e+00
1.191647410392761230e+00
1.186583518981933594e+00
1.178617835044860840e+00
1.194220185279846191e+00
1.191238641738891602e+00
1.208238244056701660e+00
1.226657271385192871e+00
1.203846931457519531e+00
1.208875894546508789e+00
1.199253320693969727e+00
1.175784945487976074e+00
1.192761778831481934e+00
1.176303505897521973e+00
1.220828294754028320e+00
1.220607399940490723e+00
1.215389251708984375e+00
1.255454182624816895e+00
1.215697169303894043e+00
1.181178927421569824e+00
1.205049872398376465e+00
1.230599761009216309e+00
1.218206882476806641e+00
1.216785311698913574e+00
1.206741452217102051e+00
1.211282134056091309e+00
1.198844909667968750e+00
1.195452928543090820e+00
1.206340670585632324e+00
1.196439027786254883e+00
1.207673668861389160e+00
1.199216961860656738e+00
1.208853840827941895e+00
1.189076066017150879e+00
1.201397538185119629e+00
1.170666813850402832e+00
1.210946083068847656e+00
1.212489366531372070e+00
1.213208794593811035e+00
1.217456698417663574e+00
1.180783629417419434e+00
1.166060090065002441e+00
1.179599761962890625e+00
1.190637469291687012e+00
1.207990527153015137e+00
1.200902223587036133e+00
1.181843638420104980e+00
1.178438544273376465e+00
1.184574842453002930e+00
1.184042572975158691e+00
1.151285529136657715e+00
1.152604460716247559e+00
1.147396087646484375e+00
1.178339004516601562e+00
1.193902611732482910e+00
1.182400584220886230e+00
1.177983641624450684e+00
1.156840920448303223e+00
1.163879990577697754e+00
1.171157717704772949e+00
1.191126704216003418e+00
1.210999965667724609e+00
1.211727380752563477e+00
1.200939536094665527e+00
1.186869502067565918e+00
1.172167181968688965e+00
1.175203084945678711e+00
1.170603394508361816e+00
1.185100674629211426e+00
1.192241787910461426e+00
1.196152567863464355e+00
1.216631889343261719e+00
1.225451707839965820e+00
1.209852337837219238e+00
1.190127253532409668e+00
1.182141661643981934e+00
1.182479739189147949e+00
1.190894484519958496e+00
1.208703875541687012e+00
1.205443620681762695e+00
1.212377071380615234e+00
1.212135314941406250e+00
1.205704689025878906e+00
1.190046668052673340e+00
1.195852637290954590e+00
1.194022536277770996e+00
1.202211022377014160e+00
1.201269388198852539e+00
1.200788497924804688e+00
1.204023599624633789e+00
1.212125301361083984e+00
1.207774043083190918e+00
1.219308733940124512e+00
1.198210358619689941e+00
1.188393354415893555e+00
1.193059206008911133e+00
1.210404396057128906e+00
1.199680328369140625e+00
1.208893418312072754e+00
1.220988154411315918e+00
1.214269518852233887e+00
1.200645089149475098e+00
1.190943837165832520e+00
1.196623444557189941e+00
1.207701921463012695e+00
1.210959434509277344e+00
1.201094627380371094e+00
1.210723161697387695e+00
1.189844608306884766e+00
1.198780179023742676e+00
1.184666395187377930e+00
1.187835335731506348e+00
1.194375395774841309e+00
1.198384284973144531e+00
1.200845241546630859e+00
1.203463912010192871e+00
1.200068712234497070e+00
1.193365931510925293e+00
1.185153007507324219e+00
1.189046382904052734e+00
1.187434554100036621e+00
1.204874753952026367e+00
1.199696779251098633e+00
1.190766930580139160e+00
1.192326188087463379e+00
1.175953388214111328e+00
1.167410016059875488e+00
1.193737268447875977e+00
1.196322441101074219e+00
1.195626139640808105e+00
1.205901503562927246e+00
1.187138438224792480e+00
1.185604929924011230e+00
1.188781619071960449e+00
1.195192337036132812e+00
1.198236823081970215e+00
1.183684229850769043e+00
1.180208802223205566e+00
1.169870734214782715e+00
1.178483724594116211e+00
1.183288574218750000e+00
1.191543340682983398e+00
1.181406617164611816e+00
1.170833826065063477e+00
1.174502730369567871e+00
1.183861136436462402e+00
1.161447644233703613e+00
1.160217642784118652e+00
1.167024135589599609e+00
1.180212259292602539e+00
1.193483710289001465e+00
1.181921005249023438e+00
1.181845307350158691e+00
1.164423584938049316e+00
1.172902464866638184e+00
1.154585242271423340e+00
1.169952750205993652e+00
1.188682794570922852e+00
1.194104075431823730e+00
1.178001999855041504e+00
1.181766748428344727e+00
1.170644283294677734e+00
1.182365655899047852e+00
1.170682311058044434e+00
1.170969247817993164e+00
1.162837862968444824e+00
1.178500533103942871e+00
1.187419176101684570e+00
1.185563921928405762e+00
1.178979158401489258e+00
1.169541597366333008e+00
1.164947748184204102e+00
1.171232104301452637e+00
1.175922751426696777e+00
1.172480940818786621e+00
1.180586218833923340e+00
1.176183938980102539e+00
1.173477172851562500e+00
1.164571762084960938e+00
1.173422336578369141e+00
1.171075224876403809e+00
1.178192973136901855e+00
1.175737619400024414e+00
1.176688432693481445e+00
1.181550741195678711e+00
1.180915117263793945e+00
1.188349485397338867e+00
1.180978178977966309e+00
1.184624433517456055e+00
1.180138230323791504e+00
1.168627142906188965e+00
1.158788323402404785e+00
1.159596681594848633e+00
1.170270562171936035e+00
1.174955606460571289e+00
1.181739687919616699e+00
1.173978805541992188e+00
1.165344119071960449e+00
1.156537294387817383e+00
1.157013654708862305e+00
1.157427430152893066e+00
1.172108530998229980e+00
1.175491690635681152e+00
1.171769142150878906e+00
1.155059814453125000e+00
1.151421904563903809e+00
1.158752083778381348e+00
1.178326845169067383e+00
1.165484547615051270e+00
1.169012665748596191e+00
1.165199637413024902e+00
1.163433790206909180e+00
1.156766772270202637e+00
1.155729651451110840e+00
1.157169461250305176e+00
1.165046811103820801e+00
1.156669616699218750e+00
1.147950649261474609e+00
1.144051194190979004e+00
1.145511150360107422e+00
1.146436929702758789e+00
1.156391501426696777e+00
1.157279014587402344e+00
1.155941009521484375e+00
1.149020791053771973e+00
1.140716314315795898e+00
1.139432787895202637e+00
1.163642287254333496e+00
1.165625572204589844e+00
1.156588554382324219e+00
1.149305701255798340e+00
1.144026994705200195e+00
1.141157746315002441e+00
1.126916050910949707e+00
1.125581979751586914e+00
1.143360733985900879e+00
1.157905459403991699e+00
1.159371018409729004e+00
1.175817847251892090e+00
1.142014145851135254e+00
1.126566529273986816e+00
1.105211138725280762e+00
1.145681023597717285e+00
1.152371048927307129e+00
1.166904926300048828e+00
1.174857854843139648e+00
1.150729537010192871e+00
1.151968598365783691e+00
1.140005350112915039e+00
1.149521470069885254e+00
1.148868203163146973e+00
1.163552880287170410e+00
1.164912223815917969e+00
1.165698885917663574e+00
1.155054569244384766e+00
1.158862948417663574e+00
1.163321852684020996e+00
1.146235108375549316e+00
1.137700676918029785e+00
1.145116209983825684e+00
1.136183619499206543e+00
1.145695447921752930e+00
1.158146381378173828e+00
1.156223058700561523e+00
1.157923698425292969e+00
1.140751004219055176e+00
1.140776872634887695e+00
1.135456681251525879e+00
1.159058451652526855e+00
1.149574041366577148e+00
1.155162572860717773e+00
1.131507396697998047e+00
1.136416673660278320e+00
1.128746151924133301e+00
1.121015906333923340e+00
1.140604615211486816e+00
1.140412926673889160e+00
1.145654916763305664e+00
1.146820664405822754e+00
1.133488535881042480e+00
1.129149794578552246e+00
1.135904431343078613e+00
1.134909510612487793e+00
1.137530922889709473e+00
1.133150815963745117e+00
1.134199738502502441e+00
1.143943309783935547e+00
1.148281216621398926e+00
1.142595648765563965e+00
1.126295924186706543e+00
1.122515082359313965e+00
1.129553675651550293e+00
1.125599861145019531e+00
1.121683955192565918e+00
1.125596880912780762e+00
1.131652712821960449e+00
1.124419212341308594e+00
1.120301961898803711e+00
1.111418724060058594e+00
1.105484366416931152e+00
1.117590785026550293e+00
1.115355730056762695e+00
1.131025195121765137e+00
1.128875374794006348e+00
1.117199182510375977e+00
1.111711978912353516e+00
1.098070383071899414e+00
1.099225640296936035e+00
1.104730248451232910e+00
1.110378503799438477e+00
1.127615928649902344e+00
1.135429024696350098e+00
1.117681384086608887e+00
1.116519093513488770e+00
1.099264383316040039e+00
1.101227521896362305e+00
1.101921439170837402e+00
1.116456389427185059e+00
1.110722184181213379e+00
1.114813804626464844e+00
1.094394564628601074e+00
1.100498080253601074e+00
1.114583969116210938e+00
1.107298254966735840e+00
1.116662144660949707e+00
1.118630170822143555e+00
1.108648180961608887e+00
1.115341782569885254e+00
1.120448946952819824e+00
1.114147067070007324e+00
1.134460926055908203e+00
1.128552794456481934e+00
1.110856771469116211e+00
1.098313808441162109e+00
1.105112433433532715e+00
1.123368263244628906e+00
1.139779448509216309e+00
1.137718081474304199e+00
1.135981202125549316e+00
1.125750541687011719e+00
1.128435969352722168e+00
1.102016806602478027e+00
1.096630930900573730e+00
1.102412223815917969e+00
1.112934708595275879e+00
1.138157486915588379e+00
1.150308489799499512e+00
1.136597990989685059e+00
1.130577564239501953e+00
1.109080672264099121e+00
1.111178755760192871e+00
1.120428442955017090e+00
1.136651396751403809e+00
1.148366570472717285e+00
1.142607092857360840e+00
1.147142529487609863e+00
1.145718812942504883e+00
1.141305327415466309e+00
1.144741058349609375e+00
1.137377262115478516e+00
1.141779899597167969e+00
1.139119505882263184e+00
1.133126139640808105e+00
1.131758689880371094e+00
1.128604650497436523e+00
1.139389634132385254e+00
1.145602703094482422e+00
1.146483540534973145e+00
1.149441719055175781e+00
1.132787585258483887e+00
1.133408784866333008e+00
1.137822151184082031e+00
1.145243287086486816e+00
1.144676446914672852e+00
1.142540574073791504e+00
1.128838181495666504e+00
1.134165287017822266e+00
1.131778001785278320e+00
1.133986830711364746e+00
1.138306975364685059e+00
1.134391546249389648e+00
1.129490256309509277e+00
1.125302910804748535e+00
1.126227378845214844e+00
1.127745509147644043e+00
1.130030751228332520e+00
1.130371451377868652e+00
1.133024454116821289e+00
1.128712892532348633e+00
1.127375841140747070e+00
1.134253382682800293e+00
1.131739854812622070e+00
1.132230162620544434e+00
1.133379578590393066e+00
1.117289900779724121e+00
1.123631715774536133e+00
1.103896021842956543e+00
1.107761621475219727e+00
1.130903244018554688e+00
1.120334029197692871e+00
1.137753129005432129e+00
1.132064819335937500e+00
1.123203873634338379e+00
1.120414614677429199e+00
1.119942784309387207e+00
1.124216556549072266e+00
1.111365079879760742e+00
1.117010474205017090e+00
1.120001673698425293e+00
1.128708720207214355e+00
1.135597825050354004e+00
1.130598545074462891e+00
1.122004389762878418e+00
1.133598208427429199e+00
1.110593795776367188e+00
1.073447108268737793e+00
1.114013552665710449e+00
1.105765223503112793e+00
1.119248390197753906e+00
1.117917299270629883e+00
1.112295508384704590e+00
1.090191602706909180e+00
1.085001707077026367e+00
1.099384903907775879e+00
1.113066315650939941e+00
1.126904368400573730e+00
1.118659377098083496e+00
1.103755712509155273e+00
1.090368866920471191e+00
1.096729040145874023e+00
1.114403963088989258e+00
1.121146440505981445e+00
1.129024744033813477e+00
1.130692005157470703e+00
1.134470582008361816e+00
1.125103831291198730e+00
1.104674816131591797e+00
1.101401805877685547e+00
1.092440962791442871e+00
1.103201746940612793e+00
1.123995780944824219e+00
1.115204691886901855e+00
1.128432869911193848e+00
1.112779498100280762e+00
1.097715258598327637e+00
1.092753052711486816e+00
1.069642663002014160e+00
1.105032444000244141e+00
1.107651591300964355e+00
1.107893705368041992e+00
1.114016890525817871e+00
1.104246377944946289e+00
1.103146910667419434e+00
1.095990419387817383e+00
1.086299300193786621e+00
1.096359133720397949e+00
1.109962344169616699e+00
1.119867920875549316e+00
1.114324569702148438e+00
1.120104670524597168e+00
1.123163580894470215e+00
1.097019553184509277e+00
1.074163675308227539e+00
1.072440028190612793e+00
1.094991564750671387e+00
1.112880587577819824e+00
1.103497743606567383e+00
1.126008987426757812e+00
1.118254423141479492e+00
1.104635477066040039e+00
1.090170264244079590e+00
1.078884959220886230e+00
1.105008721351623535e+00
1.108149170875549316e+00
1.113097071647644043e+00
1.110176920890808105e+00
1.113322138786315918e+00
1.108149409294128418e+00
1.095220088958740234e+00
1.072272658348083496e+00
1.116146206855773926e+00
1.112310886383056641e+00
1.126534104347229004e+00
1.103075861930847168e+00
1.127343058586120605e+00
1.109823703765869141e+00
1.095993638038635254e+00
1.100154280662536621e+00
1.093290686607360840e+00
1.102141857147216797e+00
1.114422678947448730e+00
1.112116217613220215e+00
1.121917128562927246e+00
1.100967764854431152e+00
1.105035185813903809e+00
1.111308813095092773e+00
1.097267389297485352e+00
1.094002962112426758e+00
1.104471445083618164e+00
1.120190858840942383e+00
1.114723205566406250e+00
1.135623455047607422e+00
1.134216427803039551e+00
1.129141449928283691e+00
1.112526178359985352e+00
1.125435829162597656e+00
1.115431666374206543e+00
1.107864737510681152e+00
1.112398982048034668e+00
1.109367728233337402e+00
1.136504769325256348e+00
1.144814372062683105e+00
1.128798246383666992e+00
1.120369315147399902e+00
1.109637379646301270e+00
1.120587468147277832e+00
1.144208908081054688e+00
1.078091859817504883e+00
1.123299002647399902e+00
1.083359599113464355e+00
1.043197512626647949e+00
1.031865954399108887e+00
1.022027134895324707e+00
1.029393672943115234e+00
1.046927332878112793e+00
1.028500199317932129e+00
1.016599655151367188e+00
1.012263655662536621e+00
1.013478636741638184e+00
1.005313754081726074e+00
1.002696156501770020e+00
1.012174129486083984e+00
1.018997073173522949e+00
1.016828179359436035e+00
1.010266542434692383e+00
1.000992774963378906e+00
1.003660082817077637e+00
1.008533835411071777e+00
1.017331957817077637e+00
1.019232153892517090e+00
1.016421198844909668e+00
1.015813112258911133e+00
9.856546521186828613e-01
1.001219868659973145e+00
1.006848216056823730e+00
1.002925276756286621e+00
1.021205782890319824e+00
1.004138350486755371e+00
9.259026646614074707e-01
1.031669974327087402e+00
1.031110763549804688e+00
1.006374597549438477e+00
9.883441925048828125e-01
9.686374068260192871e-01
9.933110475540161133e-01
9.779602289199829102e-01
1.006601929664611816e+00
1.007867693901062012e+00
1.009673595428466797e+00
9.815525412559509277e-01
9.805516600608825684e-01
9.782283902168273926e-01
9.817991256713867188e-01
9.753856062889099121e-01
9.908232092857360840e-01
1.000511527061462402e+00
1.027529120445251465e+00
9.994546771049499512e-01
9.979402422904968262e-01
9.823835492134094238e-01
9.771867990493774414e-01
9.990005493164062500e-01
9.856680035591125488e-01
1.002686977386474609e+00
1.003806591033935547e+00
1.019518494606018066e+00
9.948461651802062988e-01
9.957427382469177246e-01
9.961956143379211426e-01
9.924565553665161133e-01
9.944362640380859375e-01
1.001143336296081543e+00
1.008077502250671387e+00
1.009958624839782715e+00
1.024411082267761230e+00
1.009009599685668945e+00
1.010305643081665039e+00
1.021147847175598145e+00
1.002563357353210449e+00
1.002479434013366699e+00
1.007379889488220215e+00
9.956800341606140137e-01
1.004329562187194824e+00
9.987630844116210938e-01
9.945831298828125000e-01
1.008679151535034180e+00
1.014424085617065430e+00
1.020209312438964844e+00
1.027729988098144531e+00
1.022760987281799316e+00
1.012505769729614258e+00
1.014642000198364258e+00
9.599574208259582520e-01
1.009471893310546875e+00
9.936341643333435059e-01
1.023384451866149902e+00
1.024938583374023438e+00
1.016707301139831543e+00
1.014978170394897461e+00
1.011242866516113281e+00
1.013592481613159180e+00
9.861441850662231445e-01
9.907312393188476562e-01
1.002071976661682129e+00
1.013637304306030273e+00
1.016593456268310547e+00
1.004404187202453613e+00
1.014439463615417480e+00
9.990939497947692871e-01
1.000738501548767090e+00
1.001017570495605469e+00
1.001116394996643066e+00
1.018377661705017090e+00
1.026360034942626953e+00
1.027021408081054688e+00
1.035347938537597656e+00
1.027020812034606934e+00
1.017145752906799316e+00
1.028140068054199219e+00
1.017307281494140625e+00
1.015905618667602539e+00
1.015126466751098633e+00
1.013230681419372559e+00
1.019283175468444824e+00
1.025020956993103027e+00
1.034692764282226562e+00
1.025422096252441406e+00
1.025802016258239746e+00
1.024008512496948242e+00
1.016484260559082031e+00
1.020929813385009766e+00
1.012310504913330078e+00
1.013451218605041504e+00
1.013098955154418945e+00
1.020764589309692383e+00
1.010780453681945801e+00
1.015993952751159668e+00
1.017289400100708008e+00
1.035463452339172363e+00
1.026814937591552734e+00
1.024133563041687012e+00
1.027862906455993652e+00
1.018467783927917480e+00
1.007808566093444824e+00
1.010786652565002441e+00
1.015234112739562988e+00
1.003222823143005371e+00
1.015545845031738281e+00
1.026968836784362793e+00
1.013340830802917480e+00
1.003865599632263184e+00
1.001795649528503418e+00
1.008769631385803223e+00
1.006409525871276855e+00
1.013537287712097168e+00
1.017583250999450684e+00
1.006065607070922852e+00
1.019605040550231934e+00
1.003972887992858887e+00
1.000628829002380371e+00
9.935876727104187012e-01
1.000874876976013184e+00
1.009560227394104004e+00
1.015319705009460449e+00
1.013768196105957031e+00
1.014762759208679199e+00
1.006536126136779785e+00
1.005721688270568848e+00
9.999186396598815918e-01
1.001494288444519043e+00
1.005581259727478027e+00
1.000620126724243164e+00
1.010961890220642090e+00
1.012195825576782227e+00
1.007921576499938965e+00
1.003719210624694824e+00
1.010733604431152344e+00
1.002582788467407227e+00
1.006454586982727051e+00
1.014533281326293945e+00
1.008168697357177734e+00
1.002761721611022949e+00
1.002649664878845215e+00
9.958775639533996582e-01
1.012424707412719727e+00
1.010471701622009277e+00
1.004767775535583496e+00
1.016039729118347168e+00
1.010542631149291992e+00
1.008253335952758789e+00
1.008200287818908691e+00
1.000674247741699219e+00
9.960201382637023926e-01
9.931361079216003418e-01
1.008360147476196289e+00
1.008568167686462402e+00
9.951366782188415527e-01
9.882597327232360840e-01
1.004966616630554199e+00
9.931479692459106445e-01
1.004129052162170410e+00
1.000122666358947754e+00
9.902254343032836914e-01
9.962054491043090820e-01
9.829186797142028809e-01
9.929947257041931152e-01
1.007388353347778320e+00
1.007051825523376465e+00
9.779031872749328613e-01
9.870403409004211426e-01
9.839051365852355957e-01
9.940384030342102051e-01
1.014641165733337402e+00
1.003689050674438477e+00
9.956334233283996582e-01
9.920296072959899902e-01
9.929615259170532227e-01
9.825922846794128418e-01
9.958206415176391602e-01
1.004818797111511230e+00
9.959101080894470215e-01
9.939615130424499512e-01
9.955107569694519043e-01
9.867975115776062012e-01
9.920061230659484863e-01
9.673379063606262207e-01
9.711667895317077637e-01
9.979081153869628906e-01
9.803833365440368652e-01
9.901429414749145508e-01
9.927601218223571777e-01
9.890083670616149902e-01
9.791811108589172363e-01
9.841204881668090820e-01
9.789071083068847656e-01
9.818852543830871582e-01
9.958373308181762695e-01
9.979594349861145020e-01
9.993430972099304199e-01
9.896375536918640137e-01
9.892898797988891602e-01
9.822201132774353027e-01
9.764909744262695312e-01
9.878467917442321777e-01
9.915553331375122070e-01
9.996597170829772949e-01
9.992017745971679688e-01
1.002083778381347656e+00
9.975768923759460449e-01
9.875221252441406250e-01
9.948866963386535645e-01
9.815872311592102051e-01
9.935863614082336426e-01
9.952495694160461426e-01
9.880895614624023438e-01
9.875728487968444824e-01
9.905105829238891602e-01
9.871184229850769043e-01
9.866399765014648438e-01
9.877361655235290527e-01
9.960553050041198730e-01
9.846936464309692383e-01
9.941577911376953125e-01
9.888688921928405762e-01
9.906992316246032715e-01
9.766582846641540527e-01
9.846473932266235352e-01
9.849092364311218262e-01
9.903160333633422852e-01
9.909513592720031738e-01
9.864010810852050781e-01
9.860572814941406250e-01
9.858343005180358887e-01
9.718320965766906738e-01
9.932025074958801270e-01
9.870263338088989258e-01
9.832896590232849121e-01
9.855089187622070312e-01
9.932060241699218750e-01
9.953204989433288574e-01
9.744893908500671387e-01
9.905155301094055176e-01
9.951158761978149414e-01
9.962959289550781250e-01
9.942775964736938477e-01
1.003397345542907715e+00
9.977288246154785156e-01
9.889891743659973145e-01
9.935815930366516113e-01
9.740046858787536621e-01
9.770603179931640625e-01
9.904354214668273926e-01
9.961637854576110840e-01
1.001436710357666016e+00
9.978570342063903809e-01
9.867321252822875977e-01
9.867421984672546387e-01
9.844465255737304688e-01
9.811565279960632324e-01
9.829695820808410645e-01
9.850419163703918457e-01
9.934195876121520996e-01
9.935332536697387695e-01
9.903144836425781250e-01
9.857522845268249512e-01
9.883224368095397949e-01
9.821950793266296387e-01
9.829339981079101562e-01
9.793079495429992676e-01
9.870082736015319824e-01
9.797713160514831543e-01
9.870647788047790527e-01
9.819385409355163574e-01
9.724721312522888184e-01
9.765760302543640137e-01
9.739497303962707520e-01
9.776918292045593262e-01
9.827764630317687988e-01
9.859825372695922852e-01
9.807468652725219727e-01
9.760902523994445801e-01
9.699313044548034668e-01
9.785637259483337402e-01
9.854525923728942871e-01
9.791314005851745605e-01
9.879785776138305664e-01
9.895252585411071777e-01
9.859724044799804688e-01
9.761730432510375977e-01
9.676505923271179199e-01
9.633054137229919434e-01
9.637586474418640137e-01
9.701170325279235840e-01
9.735136032104492188e-01
9.719937443733215332e-01
9.746570587158203125e-01
9.628867506980895996e-01
9.599534273147583008e-01
9.630967378616333008e-01
9.697862863540649414e-01
9.731374979019165039e-01
9.734398126602172852e-01
9.740284085273742676e-01
9.729377031326293945e-01
9.629507064819335938e-01
9.596796035766601562e-01
9.610940814018249512e-01
9.701299667358398438e-01
9.695000052452087402e-01
9.760326743125915527e-01
9.770461916923522949e-01
9.785065054893493652e-01
9.685152173042297363e-01
9.617682695388793945e-01
9.573698043823242188e-01
9.595799446105957031e-01
9.595498442649841309e-01
9.743847250938415527e-01
9.710580706596374512e-01
9.690313339233398438e-01
9.689688682556152344e-01
9.486194849014282227e-01
9.423691034317016602e-01
9.482042193412780762e-01
9.461836814880371094e-01
9.570726752281188965e-01
9.637203216552734375e-01
9.793217778205871582e-01
9.678674936294555664e-01
9.593507647514343262e-01
9.514466524124145508e-01
9.505640268325805664e-01
9.434086084365844727e-01
9.518791437149047852e-01
9.525339007377624512e-01
9.512221217155456543e-01
9.616935849189758301e-01
9.642294049263000488e-01
9.646598100662231445e-01
9.690333604812622070e-01
9.635919928550720215e-01
9.601020812988281250e-01
9.510273933410644531e-01
9.604635238647460938e-01
9.481860995292663574e-01
9.571489691734313965e-01
9.634675979614257812e-01
9.577231407165527344e-01
9.575495123863220215e-01
9.540077447891235352e-01
9.623857736587524414e-01
9.635573625564575195e-01
9.553562402725219727e-01
9.489650130271911621e-01
9.550566077232360840e-01
9.529811143875122070e-01
9.593408703804016113e-01
9.586481451988220215e-01
9.511947631835937500e-01
9.597512483596801758e-01
9.577790498733520508e-01
9.471954703330993652e-01
9.442470669746398926e-01
9.446582794189453125e-01
9.456576704978942871e-01
9.619752168655395508e-01
9.602050781250000000e-01
9.504272341728210449e-01
9.408785700798034668e-01
9.277464151382446289e-01
9.400989413261413574e-01
9.459623694419860840e-01
9.429953694343566895e-01
9.539384245872497559e-01
9.562222361564636230e-01
9.587349295616149902e-01
9.571914672851562500e-01
9.439994692802429199e-01
9.423670768737792969e-01
9.394901394844055176e-01
9.428710937500000000e-01
9.423875808715820312e-01
9.567155241966247559e-01
9.591265916824340820e-01
9.599245190620422363e-01
9.552006125450134277e-01
9.620128870010375977e-01
9.466379284858703613e-01
9.438066482543945312e-01
9.467997550964355469e-01
9.499048590660095215e-01
9.557785391807556152e-01
9.567821621894836426e-01
9.538205265998840332e-01
9.506754279136657715e-01
9.487342238426208496e-01
9.353982210159301758e-01
9.298974871635437012e-01
9.443613290786743164e-01
9.508248567581176758e-01
9.589778184890747070e-01
9.631147384643554688e-01
9.610781073570251465e-01
9.513027071952819824e-01
9.405578970909118652e-01
9.242463111877441406e-01
9.290922284126281738e-01
9.364458322525024414e-01
9.466695785522460938e-01
9.566381573677062988e-01
9.563457369804382324e-01
9.585769772529602051e-01
9.460607767105102539e-01
9.423047900199890137e-01
9.447885751724243164e-01
9.521110653877258301e-01
9.644077420234680176e-01
9.664681553840637207e-01
9.643236398696899414e-01
9.576385617256164551e-01
9.449293017387390137e-01
9.455074667930603027e-01
9.502979516983032227e-01
9.571094512939453125e-01
9.579555392265319824e-01
9.594340324401855469e-01
9.568711519241333008e-01
9.546715617179870605e-01
9.474999308586120605e-01
9.416190981864929199e-01
9.465374946594238281e-01
9.479482769966125488e-01
9.502906203269958496e-01
9.553983807563781738e-01
9.565517306327819824e-01
9.549732208251953125e-01
9.530469775199890137e-01
9.578298926353454590e-01
9.457497000694274902e-01
9.499581456184387207e-01
9.496798515319824219e-01
9.458991885185241699e-01
9.475244879722595215e-01
9.524605870246887207e-01
9.462790489196777344e-01
9.406139254570007324e-01
9.345733523368835449e-01
9.338182806968688965e-01
9.399820566177368164e-01
9.489797949790954590e-01
9.513377547264099121e-01
9.502062201499938965e-01
9.446577429771423340e-01
9.385029673576354980e-01
9.297559857368469238e-01
9.281366467475891113e-01
9.335920214653015137e-01
9.470939636230468750e-01
9.424366354942321777e-01
9.491598010063171387e-01
9.472097754478454590e-01
9.426752328872680664e-01
9.373330473899841309e-01
9.393377304077148438e-01
9.360741972923278809e-01
9.441813826560974121e-01
9.513303637504577637e-01
9.509031176567077637e-01
9.478368759155273438e-01
9.366230964660644531e-01
9.412537813186645508e-01
9.354650378227233887e-01
9.370363354682922363e-01
9.380311965942382812e-01
9.368619918823242188e-01
9.324588179588317871e-01
9.336374402046203613e-01
9.359918832778930664e-01
9.438118338584899902e-01
9.445387721061706543e-01
9.403047561645507812e-01
9.357674717903137207e-01
9.303131103515625000e-01
9.252168536186218262e-01
9.212797284126281738e-01
9.228746294975280762e-01
9.230077862739562988e-01
9.292184114456176758e-01
9.326919913291931152e-01
9.363369345664978027e-01
9.352869987487792969e-01
9.227164387702941895e-01
9.180303812026977539e-01
9.058643579483032227e-01
9.114894866943359375e-01
9.174977540969848633e-01
9.178245663642883301e-01
9.265457987785339355e-01
9.220874905586242676e-01
9.140956997871398926e-01
9.062467813491821289e-01
9.087878465652465820e-01
9.096542596817016602e-01
9.104397892951965332e-01
9.171290397644042969e-01
9.198986887931823730e-01
9.198957681655883789e-01
9.198772311210632324e-01
9.230746626853942871e-01
9.166842699050903320e-01
9.140250086784362793e-01
9.115418791770935059e-01
9.179008603096008301e-01
9.206547141075134277e-01
9.185335040092468262e-01
9.242946505546569824e-01
9.268301129341125488e-01
9.216073155403137207e-01
9.263063669204711914e-01
9.162193536758422852e-01
9.117235541343688965e-01
9.167777895927429199e-01
9.080133438110351562e-01
9.113641977310180664e-01
9.132391214370727539e-01
9.160314798355102539e-01
9.192412495613098145e-01
9.180092215538024902e-01
9.191053509712219238e-01
9.110749363899230957e-01
9.004660844802856445e-01
9.027603268623352051e-01
9.040690660476684570e-01
9.056223034858703613e-01
9.093929529190063477e-01
9.148615002632141113e-01
9.131743311882019043e-01
9.025409817695617676e-01
9.025220870971679688e-01
8.986989855766296387e-01
9.008531570434570312e-01
9.058565497398376465e-01
9.181053042411804199e-01
9.222545027732849121e-01
9.214923977851867676e-01
9.162368774414062500e-01
9.058799743652343750e-01
9.033396840095520020e-01
8.988756537437438965e-01
9.007251858711242676e-01
9.155975580215454102e-01
9.178599715232849121e-01
9.095701575279235840e-01
9.087107777595520020e-01
9.055190086364746094e-01
9.051768183708190918e-01
8.935520052909851074e-01
8.941320776939392090e-01
8.945131301879882812e-01
8.993263244628906250e-01
9.017111063003540039e-01
8.970922827720642090e-01
8.915870785713195801e-01
8.952627182006835938e-01
8.973577618598937988e-01
8.866381645202636719e-01
8.935611844062805176e-01
8.976597785949707031e-01
9.018503427505493164e-01
9.018756747245788574e-01
8.992308974266052246e-01
8.878531455993652344e-01
8.883407711982727051e-01
8.905650377273559570e-01
8.840125203132629395e-01
8.890478014945983887e-01
8.962423205375671387e-01
8.919677734375000000e-01
8.931169509887695312e-01
8.874375224113464355e-01
8.880155682563781738e-01
8.814714550971984863e-01
8.876448869705200195e-01
8.954071998596191406e-01
8.997266888618469238e-01
9.008663296699523926e-01
8.926750421524047852e-01
8.898897171020507812e-01
8.856481909751892090e-01
8.751665949821472168e-01
8.874831199645996094e-01
8.881381154060363770e-01
8.958083391189575195e-01
8.921539187431335449e-01
8.914446234703063965e-01
8.853424191474914551e-01
8.891935348510742188e-01
8.868946433067321777e-01
8.836929202079772949e-01
8.919593691825866699e-01
8.978269696235656738e-01
8.992488980293273926e-01
8.997108340263366699e-01
8.976082205772399902e-01
8.906183242797851562e-01
8.799846768379211426e-01
8.841319084167480469e-01
8.831079602241516113e-01
8.903068900108337402e-01
8.882890939712524414e-01
8.852856755256652832e-01
8.899089694023132324e-01
8.805086016654968262e-01
8.884317278861999512e-01
8.863048553466796875e-01
8.940105438232421875e-01
8.855388760566711426e-01
8.759536743164062500e-01
8.837496042251586914e-01
8.847098350524902344e-01
8.882922530174255371e-01
8.875691294670104980e-01
8.930106163024902344e-01
8.833250999450683594e-01
8.768182992935180664e-01
8.805397152900695801e-01
8.917713165283203125e-01
8.803720474243164062e-01
8.856831789016723633e-01
8.852352499961853027e-01
8.864311575889587402e-01
8.861947059631347656e-01
8.879980444908142090e-01
8.830456733703613281e-01
8.885145187377929688e-01
8.837167024612426758e-01
8.800037503242492676e-01
8.870091438293457031e-01
8.780325055122375488e-01
8.767217993736267090e-01
8.785936236381530762e-01
8.731083273887634277e-01
8.744747042655944824e-01
8.742117285728454590e-01
8.761193156242370605e-01
8.793695569038391113e-01
8.711191415786743164e-01
8.796313405036926270e-01
8.729428648948669434e-01
8.735722899436950684e-01
8.724817633628845215e-01
8.775922656059265137e-01
8.705617785453796387e-01
8.808147311210632324e-01
8.775339126586914062e-01
8.744859695434570312e-01
8.661252856254577637e-01
8.611877560615539551e-01
8.634435534477233887e-01
8.628118634223937988e-01
8.685256242752075195e-01
8.745326399803161621e-01
8.667251467704772949e-01
8.720375299453735352e-01
8.612376451492309570e-01
8.636773228645324707e-01
8.631658554077148438e-01
8.657439351081848145e-01
8.713100552558898926e-01
8.755661249160766602e-01
8.677459955215454102e-01
8.638841509819030762e-01
8.566184043884277344e-01
8.644963502883911133e-01
8.536906242370605469e-01
8.592838644981384277e-01
8.674588203430175781e-01
8.741192221641540527e-01
8.778383135795593262e-01
8.726059198379516602e-01
8.749799728393554688e-01
8.613762259483337402e-01
8.669859170913696289e-01
8.653206229209899902e-01
8.687009811401367188e-01
8.758184313774108887e-01
8.799962997436523438e-01
8.720831274986267090e-01
8.712673187255859375e-01
8.637346625328063965e-01
8.730294108390808105e-01
8.688116073608398438e-01
8.643962740898132324e-01
8.680702447891235352e-01
8.713962435722351074e-01
8.771309852600097656e-01
8.861415982246398926e-01
8.779321908950805664e-01
8.723026514053344727e-01
8.599039316177368164e-01
8.623275756835937500e-01
8.669573068618774414e-01
8.662075400352478027e-01
8.725007176399230957e-01
8.769581913948059082e-01
8.772884607315063477e-01
8.723896145820617676e-01
8.660364151000976562e-01
8.691744804382324219e-01
8.622417449951171875e-01
8.692935109138488770e-01
8.744293451309204102e-01
8.657503128051757812e-01
8.737102746963500977e-01
8.745757937431335449e-01
8.697592616081237793e-01
8.704364895820617676e-01
8.594547510147094727e-01
8.654192090034484863e-01
8.613038063049316406e-01
8.651113510131835938e-01
8.721057772636413574e-01
8.731315732002258301e-01
8.711853027343750000e-01
8.728798031806945801e-01
8.653845787048339844e-01
8.631138205528259277e-01
8.640138506889343262e-01
8.672757148742675781e-01
8.718950152397155762e-01
8.697765469551086426e-01
8.607615828514099121e-01
8.603353500366210938e-01
8.576375842094421387e-01
8.656644821166992188e-01
8.637874722480773926e-01
8.669525384902954102e-01
8.651803135871887207e-01
8.579841852188110352e-01
8.636943697929382324e-01
8.530748486518859863e-01
8.499030470848083496e-01
8.530888557434082031e-01
8.597847223281860352e-01
8.668413162231445312e-01
8.663179278373718262e-01
8.616213202476501465e-01
8.513057827949523926e-01
8.494507074356079102e-01
8.475461006164550781e-01
8.555871844291687012e-01
8.541690707206726074e-01
8.477906584739685059e-01
8.557062149047851562e-01
8.470697402954101562e-01
8.465003967285156250e-01
8.441688418388366699e-01
8.468874096870422363e-01
8.421158790588378906e-01
8.553799986839294434e-01
8.532642722129821777e-01
8.661184310913085938e-01
8.462440371513366699e-01
8.454214334487915039e-01
8.378340005874633789e-01
8.311818242073059082e-01
8.441568613052368164e-01
8.529043197631835938e-01
8.512596487998962402e-01
8.522940874099731445e-01
8.438381552696228027e-01
8.372051119804382324e-01
8.361077308654785156e-01
8.365201950073242188e-01
8.468241095542907715e-01
8.508960604667663574e-01
8.520364165306091309e-01
8.446855545043945312e-01
8.448135256767272949e-01
8.373830914497375488e-01
8.313196301460266113e-01
8.391698002815246582e-01
8.413559198379516602e-01
8.500297665596008301e-01
8.606839179992675781e-01
8.579439520835876465e-01
8.542384505271911621e-01
8.441485762596130371e-01
8.437492251396179199e-01
8.445715308189392090e-01
8.515914082527160645e-01
8.577179312705993652e-01
8.694528937339782715e-01
8.699517250061035156e-01
8.618494272232055664e-01
8.503704071044921875e-01
8.406516313552856445e-01
8.464806675910949707e-01
8.459140658378601074e-01
8.586088418960571289e-01
8.567080497741699219e-01
8.649446368217468262e-01
8.590419888496398926e-01
8.583553433418273926e-01
8.557645082473754883e-01
8.546377420425415039e-01
8.652114868164062500e-01
8.604137301445007324e-01
8.631199002265930176e-01
8.616713881492614746e-01
8.594278693199157715e-01
8.654205203056335449e-01
8.612031936645507812e-01
8.573242425918579102e-01
8.578003048896789551e-01
8.469036221504211426e-01
8.469415903091430664e-01
8.442823290824890137e-01
8.497194647789001465e-01
8.440586328506469727e-01
8.564092516899108887e-01
8.528957366943359375e-01
8.666450381278991699e-01
8.579359054565429688e-01
8.516002893447875977e-01
8.439399600028991699e-01
8.433709144592285156e-01
8.405508399009704590e-01
8.480030298233032227e-01
8.555599451065063477e-01
8.566450476646423340e-01
8.514155745506286621e-01
8.411695361137390137e-01
8.432731628417968750e-01
8.440181612968444824e-01
8.471700549125671387e-01
8.539291620254516602e-01
8.493508696556091309e-01
8.567054867744445801e-01
8.476518988609313965e-01
8.397725224494934082e-01
8.355722427368164062e-01
8.442306518554687500e-01
8.471534848213195801e-01
8.576957583427429199e-01
8.591011166572570801e-01
8.603181242942810059e-01
8.533602952957153320e-01
8.520461916923522949e-01
8.485220074653625488e-01
8.413492441177368164e-01
8.434666991233825684e-01
8.466101884841918945e-01
8.510178923606872559e-01
8.553290367126464844e-01
8.543727993965148926e-01
8.503360748291015625e-01
8.520550131797790527e-01
8.554270863533020020e-01
8.510950207710266113e-01
8.527010083198547363e-01
8.493011593818664551e-01
8.460559248924255371e-01
8.526248335838317871e-01
8.482532501220703125e-01
8.435391783714294434e-01
8.422474265098571777e-01
8.457651138305664062e-01
8.511974215507507324e-01
8.444467782974243164e-01
8.475022315979003906e-01
8.337909579277038574e-01
8.371666073799133301e-01
8.304403424263000488e-01
8.386360406875610352e-01
8.333175778388977051e-01
8.371204733848571777e-01
8.286930918693542480e-01
8.341900706291198730e-01
8.323124051094055176e-01
8.428367972373962402e-01
8.469173312187194824e-01
8.458799719810485840e-01
8.473998904228210449e-01
8.447281122207641602e-01
8.399078249931335449e-01
8.314625024795532227e-01
8.226312994956970215e-01
8.199657797813415527e-01
8.221986889839172363e-01
8.297123312950134277e-01
8.368086814880371094e-01
8.402563333511352539e-01
8.373064994812011719e-01
8.321207165718078613e-01
8.241586685180664062e-01
8.287760019302368164e-01
8.240504264831542969e-01
8.267681002616882324e-01
8.301286697387695312e-01
8.356871604919433594e-01
8.229479193687438965e-01
8.203845024108886719e-01
8.210498690605163574e-01
8.210422396659851074e-01
8.211490511894226074e-01
8.268775939941406250e-01
8.270437121391296387e-01
8.284494280815124512e-01
8.259544372558593750e-01
8.289413452148437500e-01
8.184967041015625000e-01
8.154463171958923340e-01
8.210188150405883789e-01
8.116396069526672363e-01
8.186852335929870605e-01
8.165392875671386719e-01
8.108868598937988281e-01
8.145386576652526855e-01
8.165502548217773438e-01
8.132835626602172852e-01
8.133699297904968262e-01
8.221966028213500977e-01
8.189567923545837402e-01
8.070829510688781738e-01
8.127142190933227539e-01
8.052774667739868164e-01
8.020166754722595215e-01
8.073940277099609375e-01
8.109775781631469727e-01
8.274464011192321777e-01
8.172996640205383301e-01
8.165570497512817383e-01
8.088443875312805176e-01
8.101904988288879395e-01
8.028581738471984863e-01
8.086345791816711426e-01
8.051471710205078125e-01
8.137739300727844238e-01
8.194391131401062012e-01
8.054529428482055664e-01
8.090743422508239746e-01
8.159359097480773926e-01
8.230258226394653320e-01
8.248998522758483887e-01
8.222654461860656738e-01
8.255945444107055664e-01
8.137673735618591309e-01
8.094032406806945801e-01
8.078636527061462402e-01
8.114479184150695801e-01
8.158349394798278809e-01
8.125507235527038574e-01
8.084219098091125488e-01
8.076147437095642090e-01
8.129144906997680664e-01
8.083162307739257812e-01
8.094894289970397949e-01
8.092161417007446289e-01
8.001981973648071289e-01
7.980918288230895996e-01
7.982468008995056152e-01
7.981976866722106934e-01
8.029891848564147949e-01
8.023120760917663574e-01
8.047413229942321777e-01
8.013437390327453613e-01
8.004003763198852539e-01
8.004423975944519043e-01
7.984609007835388184e-01
7.990603446960449219e-01
8.017376065254211426e-01
8.033741116523742676e-01
8.020197153091430664e-01
7.918748259544372559e-01
7.896418571472167969e-01
7.930644154548645020e-01
8.016449809074401855e-01
8.030574917793273926e-01
7.950071096420288086e-01
7.948384284973144531e-01
7.994471192359924316e-01
7.945064902305603027e-01
7.982026338577270508e-01
7.948666810989379883e-01
7.937442660331726074e-01
7.923220992088317871e-01
7.923508286476135254e-01
7.832987308502197266e-01
7.859503626823425293e-01
7.914260029792785645e-01
7.859876751899719238e-01
7.743510603904724121e-01
7.761481404304504395e-01
7.742473483085632324e-01
7.844921946525573730e-01
7.826893925666809082e-01
7.996043562889099121e-01
7.894293665885925293e-01
7.915162444114685059e-01
7.897204160690307617e-01
7.920058369636535645e-01
7.865150570869445801e-01
7.862871289253234863e-01
7.969402670860290527e-01
7.952668070793151855e-01
7.999774813652038574e-01
8.024921417236328125e-01
7.815460562705993652e-01
7.852354049682617188e-01
8.031158447265625000e-01
7.842621207237243652e-01
7.993917465209960938e-01
7.941998839378356934e-01
7.906640172004699707e-01
7.952276468276977539e-01
7.913716435432434082e-01
7.825560569763183594e-01
7.839884161949157715e-01
7.924124002456665039e-01
7.791420817375183105e-01
7.781857848167419434e-01
7.830001115798950195e-01
7.913786768913269043e-01
7.911693453788757324e-01
7.757124900817871094e-01
7.994338274002075195e-01
7.817226052284240723e-01
7.822523117065429688e-01
7.758461833000183105e-01
7.910146117210388184e-01
7.964421510696411133e-01
7.895845770835876465e-01
7.752033472061157227e-01
7.749017477035522461e-01
7.690041661262512207e-01
7.729989290237426758e-01
7.742175459861755371e-01
7.732820510864257812e-01
7.682480216026306152e-01
7.746474742889404297e-01
7.770404219627380371e-01
7.914190292358398438e-01
7.779644131660461426e-01
7.736350893974304199e-01
7.756280899047851562e-01
7.625150084495544434e-01
7.670612335205078125e-01
7.877345085144042969e-01
7.816562056541442871e-01
7.777981162071228027e-01
7.792248129844665527e-01
7.784577012062072754e-01
7.700573801994323730e-01
7.626408338546752930e-01
7.787457704544067383e-01
7.692120671272277832e-01
7.664881348609924316e-01
7.645146250724792480e-01
7.690647840499877930e-01
7.572593092918395996e-01
7.532385587692260742e-01
7.673994898796081543e-01
7.659401893615722656e-01
7.715837359428405762e-01
7.671730518341064453e-01
7.697491645812988281e-01
7.653213143348693848e-01
7.746409177780151367e-01
7.665023803710937500e-01
7.723637819290161133e-01
7.827593088150024414e-01
7.836465239524841309e-01
7.669119834899902344e-01
7.911917567253112793e-01
7.629584670066833496e-01
7.644807696342468262e-01
7.700115442276000977e-01
7.618913054466247559e-01
7.798418402671813965e-01
7.702657580375671387e-01
7.821242809295654297e-01
7.731642723083496094e-01
7.865694165229797363e-01
7.823187112808227539e-01
7.800995707511901855e-01
7.883011102676391602e-01
7.917594313621520996e-01
7.896119952201843262e-01
7.984626889228820801e-01
7.819867730140686035e-01
7.757902145385742188e-01
7.806453704833984375e-01
7.572063803672790527e-01
7.603048086166381836e-01
7.588213682174682617e-01
7.574082016944885254e-01
7.825291156768798828e-01
7.658191919326782227e-01
7.735921740531921387e-01
7.711349725723266602e-01
7.535907030105590820e-01
7.599688768386840820e-01
7.681941390037536621e-01
7.565931677818298340e-01
7.722122669219970703e-01
7.665932774543762207e-01
7.727355360984802246e-01
7.709970474243164062e-01
7.571315169334411621e-01
7.529347538948059082e-01
7.493700385093688965e-01
7.654682397842407227e-01
7.641737461090087891e-01
7.604151964187622070e-01
7.457106709480285645e-01
7.733578681945800781e-01
7.648372650146484375e-01
7.623057961463928223e-01
7.662653326988220215e-01
7.728403210639953613e-01
7.636536955833435059e-01
7.704912424087524414e-01
7.710396647453308105e-01
7.730312347412109375e-01
7.749379873275756836e-01
7.682873606681823730e-01
7.882877588272094727e-01
7.698796987533569336e-01
7.589458823204040527e-01
7.744418978691101074e-01
7.544496655464172363e-01
7.761564254760742188e-01
7.774917483329772949e-01
7.585878372192382812e-01
7.623172998428344727e-01
7.648769617080688477e-01
7.784990668296813965e-01
7.541269659996032715e-01
7.703095078468322754e-01
7.807068228721618652e-01
7.925311923027038574e-01
7.706643342971801758e-01
7.894002199172973633e-01
7.804129719734191895e-01
7.819857001304626465e-01
7.677952051162719727e-01
7.914031147956848145e-01
7.602896094322204590e-01
7.862501144409179688e-01
7.574715018272399902e-01
7.642801403999328613e-01
7.665783166885375977e-01
7.931369543075561523e-01
7.918953895568847656e-01
7.758900523185729980e-01
7.755121588706970215e-01
7.740526199340820312e-01
7.825208902359008789e-01
7.853903770446777344e-01
7.741040587425231934e-01
8.040828704833984375e-01
7.802945971488952637e-01
7.787278294563293457e-01
7.717444896697998047e-01
7.750932574272155762e-01
7.922446131706237793e-01
7.867615818977355957e-01
7.794935107231140137e-01
7.747864127159118652e-01
7.931858897209167480e-01
7.676953673362731934e-01
7.764849066734313965e-01
7.506328225135803223e-01
7.576899528503417969e-01
7.872355580329895020e-01
7.715021967887878418e-01
7.901988029479980469e-01
7.685603499412536621e-01
7.825995683670043945e-01
7.681527733802795410e-01
7.728741765022277832e-01
7.630214691162109375e-01
7.826027870178222656e-01
7.685874700546264648e-01
7.804265022277832031e-01
7.650937438011169434e-01
7.707790732383728027e-01
7.665562033653259277e-01
7.547034621238708496e-01
7.712814211845397949e-01
7.646969556808471680e-01
7.599572539329528809e-01
7.819253206253051758e-01
7.813803553581237793e-01
7.783672809600830078e-01
7.780527472496032715e-01
7.767591476440429688e-01
7.553102374076843262e-01
7.564657330513000488e-01
7.651530504226684570e-01
7.786671519279479980e-01
7.635082602500915527e-01
7.784475088119506836e-01
7.591694593429565430e-01
7.449712157249450684e-01
7.615153193473815918e-01
7.574241161346435547e-01
7.633685469627380371e-01
7.795791029930114746e-01
7.871748208999633789e-01
7.831718921661376953e-01
7.699195742607116699e-01
7.822191119194030762e-01
7.623221278190612793e-01
7.798104286193847656e-01
7.659980058670043945e-01
7.538650631904602051e-01
7.755017280578613281e-01
7.803404927253723145e-01
7.837625145912170410e-01
7.787587046623229980e-01
7.542199492454528809e-01
7.583238482475280762e-01
7.617788314819335938e-01
7.523115277290344238e-01
7.640781402587890625e-01
7.545375823974609375e-01
7.519794702529907227e-01
7.543931603431701660e-01
7.538120150566101074e-01
7.693756818771362305e-01
7.815408110618591309e-01
7.723225951194763184e-01
7.717648148536682129e-01
7.682326436042785645e-01
7.576715350151062012e-01
7.497484087944030762e-01
7.541168332099914551e-01
7.596688270568847656e-01
7.452098727226257324e-01
7.674793004989624023e-01
7.471491694450378418e-01
7.498973011970520020e-01
7.514125108718872070e-01
7.649334073066711426e-01
7.848793268203735352e-01
7.565836906433105469e-01
7.711554169654846191e-01
7.510989904403686523e-01
7.505494952201843262e-01
7.510897517204284668e-01
7.541902661323547363e-01
7.551011443138122559e-01
7.560752034187316895e-01
7.699899077415466309e-01
7.512659430503845215e-01
7.506532073020935059e-01
7.580846548080444336e-01
7.538904547691345215e-01
7.672706842422485352e-01
7.604144215583801270e-01
7.585522532463073730e-01
7.579361796379089355e-01
7.517567873001098633e-01
7.694622874259948730e-01
7.626962065696716309e-01
7.955726981163024902e-01
7.658768892288208008e-01
7.798026800155639648e-01
7.738888859748840332e-01
7.451133131980895996e-01
7.645280361175537109e-01
7.854558825492858887e-01
7.949851155281066895e-01
7.750558257102966309e-01
7.804289460182189941e-01
7.734915614128112793e-01
7.860938310623168945e-01
7.702256441116333008e-01
7.728727459907531738e-01
7.847698330879211426e-01
7.936546802520751953e-01
7.790759205818176270e-01
7.750728726387023926e-01
7.763972878456115723e-01
7.804091572761535645e-01
7.970068454742431641e-01
7.738091349601745605e-01
7.796101570129394531e-01
7.779758572578430176e-01
7.868613004684448242e-01
7.907912135124206543e-01
7.855713367462158203e-01
7.850869894027709961e-01
7.885400056838989258e-01
7.828619480133056641e-01
7.728153467178344727e-01
7.765703201293945312e-01
7.816471457481384277e-01
7.820062637329101562e-01
7.785276770591735840e-01
7.932497859001159668e-01
7.794908285140991211e-01
7.794322371482849121e-01
7.869399189949035645e-01
7.924733161926269531e-01
7.861936688423156738e-01
7.904927134513854980e-01
7.853884696960449219e-01
8.004723787307739258e-01
7.849541902542114258e-01
7.916725873947143555e-01
7.971204519271850586e-01
7.922248840332031250e-01
7.895044088363647461e-01
8.126668930053710938e-01
7.884226441383361816e-01
7.784472703933715820e-01
7.753596901893615723e-01
7.757701277732849121e-01
7.676934599876403809e-01
7.674946188926696777e-01
7.803412675857543945e-01
7.779737114906311035e-01
7.849462032318115234e-01
7.791711091995239258e-01
7.718382477760314941e-01
7.682102322578430176e-01
7.733179330825805664e-01
7.928000092506408691e-01
7.978340983390808105e-01
7.963970303535461426e-01
7.896890640258789062e-01
7.813574671745300293e-01
7.704302072525024414e-01
7.665906548500061035e-01
7.783258557319641113e-01
8.039609789848327637e-01
8.012636303901672363e-01
7.993094921112060547e-01
8.104593157768249512e-01
7.816426753997802734e-01
7.847785353660583496e-01
7.905714511871337891e-01
7.814156413078308105e-01
8.142220377922058105e-01
7.870602011680603027e-01
7.767524123191833496e-01
7.864117622375488281e-01
7.951657176017761230e-01
7.831993103027343750e-01
7.795503139495849609e-01
7.978744506835937500e-01
7.839762568473815918e-01
7.924444079399108887e-01
7.749234437942504883e-01
7.865287065505981445e-01
7.925407290458679199e-01
7.929424047470092773e-01
7.947589159011840820e-01
7.947229743003845215e-01
7.704553604125976562e-01
7.707619071006774902e-01
7.850778102874755859e-01
8.063794970512390137e-01
8.359338641166687012e-01
8.181895613670349121e-01
7.947747707366943359e-01
7.959124445915222168e-01
7.958557009696960449e-01
7.883790731430053711e-01
7.700891494750976562e-01
7.840799689292907715e-01
7.839618921279907227e-01
7.835969924926757812e-01
7.982646822929382324e-01
7.952165603637695312e-01
7.775424718856811523e-01
7.711864709854125977e-01
7.666676044464111328e-01
7.613412737846374512e-01
7.787968516349792480e-01
7.765397429466247559e-01
7.716233730316162109e-01
7.914558053016662598e-01
7.775152325630187988e-01
7.830983400344848633e-01
7.739710211753845215e-01
7.798013687133789062e-01
8.049674034118652344e-01
7.644165754318237305e-01
7.815264463424682617e-01
7.684080600738525391e-01
7.699317932128906250e-01
7.767627239227294922e-01
7.776760458946228027e-01
7.976140975952148438e-01
7.917165756225585938e-01
7.825295925140380859e-01
7.951995134353637695e-01
7.944193482398986816e-01
7.864765524864196777e-01
7.851087450981140137e-01
7.764579653739929199e-01
7.854169011116027832e-01
7.768768668174743652e-01
7.951781153678894043e-01
7.708162665367126465e-01
7.841491699218750000e-01
7.649087905883789062e-01
7.832302451133728027e-01
7.964180111885070801e-01
7.878587841987609863e-01
7.786485552787780762e-01
7.812051773071289062e-01
7.963997721672058105e-01
7.895335555076599121e-01
7.960624694824218750e-01
7.885926365852355957e-01
7.909601330757141113e-01
8.035327792167663574e-01
8.082252740859985352e-01
7.828004956245422363e-01
8.038131594657897949e-01
7.894279360771179199e-01
7.880848050117492676e-01
7.782343626022338867e-01
7.821837663650512695e-01
7.952587604522705078e-01
7.788236737251281738e-01
7.836675047874450684e-01
7.647701501846313477e-01
7.870711088180541992e-01
7.876607775688171387e-01
7.859889864921569824e-01
7.865594625473022461e-01
8.200082778930664062e-01
8.014684915542602539e-01
7.697521448135375977e-01
7.668628692626953125e-01
7.842241525650024414e-01
7.710282206535339355e-01
7.873439788818359375e-01
7.728831171989440918e-01
7.596904635429382324e-01
7.551022768020629883e-01
7.602179050445556641e-01
7.851966619491577148e-01
7.802769541740417480e-01
7.992563843727111816e-01
7.823966741561889648e-01
8.466423153877258301e-01
7.885921001434326172e-01
7.820660471916198730e-01
7.742525339126586914e-01
7.752219438552856445e-01
7.712900042533874512e-01
7.924138903617858887e-01
7.823807001113891602e-01
7.847211360931396484e-01
7.781559824943542480e-01
7.937008738517761230e-01
7.701389193534851074e-01
7.797136902809143066e-01
7.677285671234130859e-01
7.986223101615905762e-01
7.638133168220520020e-01
7.794281244277954102e-01
7.949512600898742676e-01
7.705627083778381348e-01
7.747861742973327637e-01
8.320731520652770996e-01
7.986869215965270996e-01
7.876748442649841309e-01
7.682178616523742676e-01
7.920596003532409668e-01
8.032194972038269043e-01
7.833172082901000977e-01
7.698435783386230469e-01
7.847194671630859375e-01
7.609407901763916016e-01
7.594725489616394043e-01
7.646597027778625488e-01
7.513737082481384277e-01
7.814088463783264160e-01
7.599388360977172852e-01
7.620838284492492676e-01
7.663951516151428223e-01
7.628409266471862793e-01
7.740603685379028320e-01
7.636376023292541504e-01
7.781152725219726562e-01
7.781867980957031250e-01
7.580541968345642090e-01
7.679740786552429199e-01
7.866985201835632324e-01
7.636143565177917480e-01
7.560345530509948730e-01
7.729336023330688477e-01
7.661777734756469727e-01
7.707098126411437988e-01
7.941989302635192871e-01
7.842843532562255859e-01
7.694094777107238770e-01
7.881345748901367188e-01
8.025417327880859375e-01
8.058362007141113281e-01
7.637518048286437988e-01
7.765575647354125977e-01
7.655337452888488770e-01
7.854034304618835449e-01
7.457472681999206543e-01
7.518326044082641602e-01
7.816333174705505371e-01
7.739159464836120605e-01
8.304519653320312500e-01
7.545765042304992676e-01
8.684294819831848145e-01
7.947981953620910645e-01
8.175768256187438965e-01
8.266248703002929688e-01
7.906165719032287598e-01
7.618755698204040527e-01
8.044618964195251465e-01
7.662858366966247559e-01
7.731216549873352051e-01
7.680880427360534668e-01
7.794160842895507812e-01
7.839599847793579102e-01
7.850160598754882812e-01
8.068054318428039551e-01
7.693742513656616211e-01
7.577871680259704590e-01
7.699397206306457520e-01
7.639738917350769043e-01
7.584647536277770996e-01
7.492906451225280762e-01
7.817755937576293945e-01
7.796357274055480957e-01
7.742825746536254883e-01
7.672275900840759277e-01
7.597161531448364258e-01
7.635885477066040039e-01
7.691448330879211426e-01
7.598627209663391113e-01
7.762881517410278320e-01
7.684053778648376465e-01
7.584468722343444824e-01
7.806102037429809570e-01
7.671384811401367188e-01
7.882799506187438965e-01
7.689386606216430664e-01
7.755792737007141113e-01
7.641250491142272949e-01
7.942663431167602539e-01
7.750501036643981934e-01
8.195303082466125488e-01
7.563556432723999023e-01
7.712077498435974121e-01
8.029043078422546387e-01
8.449412584304809570e-01
7.678752541542053223e-01
8.175000548362731934e-01
7.930857539176940918e-01
7.665612101554870605e-01
8.150951266288757324e-01
7.796161174774169922e-01
7.499030232429504395e-01
7.975501418113708496e-01
7.791306972503662109e-01
7.583451271057128906e-01
7.670958638191223145e-01
7.674393057823181152e-01
7.618827223777770996e-01
7.693381309509277344e-01
7.872988581657409668e-01
7.666302323341369629e-01
7.717925906181335449e-01
8.191142082214355469e-01
7.612066268920898438e-01
7.879295349121093750e-01
7.810530066490173340e-01
7.631410956382751465e-01
7.654286026954650879e-01
7.691714167594909668e-01
7.492904663085937500e-01
7.514964938163757324e-01
7.689144611358642578e-01
7.833313941955566406e-01
8.386092185974121094e-01
8.320150375366210938e-01
8.291670083999633789e-01
7.684671878814697266e-01
7.571558952331542969e-01
7.970308661460876465e-01
7.777312397956848145e-01
7.611269354820251465e-01
7.561726570129394531e-01
7.992675304412841797e-01
7.548848986625671387e-01
7.873817682266235352e-01
7.697386145591735840e-01
7.626734972000122070e-01
8.079637885093688965e-01
7.874280214309692383e-01
7.892328500747680664e-01
7.457279562950134277e-01
7.816039919853210449e-01
7.548689842224121094e-01
7.605898380279541016e-01
7.732018828392028809e-01
7.567944526672363281e-01
7.685618996620178223e-01
7.658133506774902344e-01
7.643479704856872559e-01
7.479967474937438965e-01
7.902227640151977539e-01
7.526760697364807129e-01
7.607572674751281738e-01
7.636513113975524902e-01
7.460705637931823730e-01
8.073673248291015625e-01
7.619584798812866211e-01
7.826082706451416016e-01
7.867860794067382812e-01
7.480204105377197266e-01
7.684063315391540527e-01
7.532812952995300293e-01
7.694072127342224121e-01
7.690675854682922363e-01
7.690249085426330566e-01
7.733263969421386719e-01
7.913469672203063965e-01
7.955183982849121094e-01
7.919055819511413574e-01
7.800433039665222168e-01
7.534044384956359863e-01
7.439314723014831543e-01
7.583150267601013184e-01
7.747027277946472168e-01
8.083412051200866699e-01
7.922421693801879883e-01
7.663733363151550293e-01
7.771561145782470703e-01
7.862359285354614258e-01
7.396746873855590820e-01
7.849850654602050781e-01
7.723705172538757324e-01
7.617756724357604980e-01
7.711430788040161133e-01
7.589461207389831543e-01
7.714520096778869629e-01
7.990486621856689453e-01
7.702571153640747070e-01
7.453231215476989746e-01
7.479023337364196777e-01
7.828993201255798340e-01
7.867745161056518555e-01
7.520365118980407715e-01
7.584459185600280762e-01
7.536317110061645508e-01
7.778558135032653809e-01
7.297968268394470215e-01
7.447934150695800781e-01
7.589502334594726562e-01
7.682365775108337402e-01
7.552629709243774414e-01
7.869448661804199219e-01
7.446271777153015137e-01
7.324622273445129395e-01
7.661343812942504883e-01
7.666708827018737793e-01
7.558427453041076660e-01
7.414290308952331543e-01
7.774804830551147461e-01
7.523321509361267090e-01
7.618381381034851074e-01
7.737904787063598633e-01
7.841020822525024414e-01
7.523072361946105957e-01
7.463495135307312012e-01
7.997065186500549316e-01
7.327669262886047363e-01
8.601032495498657227e-01
7.819423079490661621e-01
7.994629740715026855e-01
7.397029399871826172e-01
7.393821477890014648e-01
7.603562474250793457e-01
7.680648565292358398e-01
7.723716497421264648e-01
7.476858496665954590e-01
7.576213479042053223e-01
7.618058323860168457e-01
7.607118487358093262e-01
7.671508789062500000e-01
7.511030435562133789e-01
7.595266103744506836e-01
7.680847048759460449e-01
7.784277200698852539e-01
7.796133160591125488e-01
7.661945223808288574e-01
7.802092432975769043e-01
7.547131776809692383e-01
7.609269022941589355e-01
7.737428545951843262e-01
7.834839224815368652e-01
7.663003206253051758e-01
7.618280649185180664e-01
7.439617514610290527e-01
7.455198764801025391e-01
7.586974501609802246e-01
7.906525135040283203e-01
7.638313174247741699e-01
7.696690559387207031e-01
7.426575422286987305e-01
8.080566525459289551e-01
7.727777361869812012e-01
7.406247258186340332e-01
7.324189543724060059e-01
7.518863081932067871e-01
7.711198329925537109e-01
7.692874670028686523e-01
7.630728483200073242e-01
7.881631851196289062e-01
7.506198287010192871e-01
7.648393511772155762e-01
7.496310472488403320e-01
7.526208162307739258e-01
7.675525546073913574e-01
7.792760729789733887e-01
7.470324635505676270e-01
7.677826881408691406e-01
7.669190168380737305e-01
7.691964507102966309e-01
7.520962953567504883e-01
7.517201304435729980e-01
7.589233517646789551e-01
7.775353789329528809e-01
7.346248030662536621e-01
7.977876067161560059e-01
7.614598274230957031e-01
7.453795075416564941e-01
7.567247748374938965e-01
7.743310332298278809e-01
7.485569119453430176e-01
7.848638892173767090e-01
7.406536340713500977e-01
7.598334550857543945e-01
7.657755017280578613e-01
7.533538937568664551e-01
7.522768974304199219e-01
7.752955555915832520e-01
7.443926930427551270e-01
7.216293215751647949e-01
7.336035966873168945e-01
7.443360686302185059e-01
7.480990886688232422e-01
8.310168385505676270e-01
7.430973052978515625e-01
7.504015564918518066e-01
7.523414492607116699e-01
7.573659420013427734e-01
7.385970950126647949e-01
7.523850798606872559e-01
7.541463971138000488e-01
7.560278773307800293e-01
7.629443407058715820e-01
7.760148644447326660e-01
7.504904866218566895e-01
7.473112344741821289e-01
7.454301714897155762e-01
7.494913935661315918e-01
7.302908301353454590e-01
7.799388766288757324e-01
7.754862904548645020e-01
7.624708414077758789e-01
8.357033133506774902e-01
7.394803166389465332e-01
7.738506197929382324e-01
7.509025931358337402e-01
7.624267935752868652e-01
7.805754542350769043e-01
7.583774924278259277e-01
7.516276240348815918e-01
7.452399134635925293e-01
7.736945152282714844e-01
7.860940098762512207e-01
7.733482718467712402e-01
7.542805075645446777e-01
7.485017776489257812e-01
7.897171974182128906e-01
7.777692675590515137e-01
7.310791015625000000e-01
7.552630305290222168e-01
7.537093758583068848e-01
7.246745824813842773e-01
8.068485260009765625e-01
7.299689650535583496e-01
7.594370245933532715e-01
7.568591237068176270e-01
7.480799555778503418e-01
7.398405075073242188e-01
7.756744623184204102e-01
7.535808682441711426e-01
7.643672823905944824e-01
7.651688456535339355e-01
7.605980038642883301e-01
7.405333518981933594e-01
7.564108371734619141e-01
7.380871176719665527e-01
7.554747462272644043e-01
7.651714682579040527e-01
7.583732008934020996e-01
7.539016604423522949e-01
7.591359019279479980e-01
7.469490170478820801e-01
7.375782132148742676e-01
7.473899126052856445e-01
7.463610768318176270e-01
7.363486289978027344e-01
7.466437220573425293e-01
7.966917157173156738e-01
7.549023032188415527e-01
7.766079306602478027e-01
7.299842238426208496e-01
7.482982873916625977e-01
7.192636132240295410e-01
7.265145182609558105e-01
7.934975028038024902e-01
7.708383798599243164e-01
7.609984874725341797e-01
7.761260867118835449e-01
7.677751779556274414e-01
7.619346976280212402e-01
8.069077730178833008e-01
8.048083186149597168e-01
7.857936024665832520e-01
7.255199551582336426e-01
7.454525828361511230e-01
7.347463965415954590e-01
7.294509410858154297e-01
7.423412203788757324e-01
7.351824641227722168e-01
7.443495392799377441e-01
7.440666556358337402e-01
7.228783369064331055e-01
8.249468207359313965e-01
7.638211846351623535e-01
7.346100211143493652e-01
7.235464453697204590e-01
7.153844237327575684e-01
7.380153536796569824e-01
7.483209967613220215e-01
7.143055796623229980e-01
7.370755076408386230e-01
7.275843024253845215e-01
7.333016395568847656e-01
7.161526679992675781e-01
7.696672081947326660e-01
7.340857386589050293e-01
7.548037767410278320e-01
7.567561268806457520e-01
7.429394721984863281e-01
7.204316258430480957e-01
7.247416377067565918e-01
7.311773300170898438e-01
7.130693197250366211e-01
7.346708774566650391e-01
7.729016542434692383e-01
7.143172025680541992e-01
7.424225211143493652e-01
7.268119454383850098e-01
7.413180470466613770e-01
7.213484644889831543e-01
7.442803382873535156e-01
7.420808672904968262e-01
7.337778210639953613e-01
7.384192347526550293e-01
7.414168715476989746e-01
7.323705554008483887e-01
7.486271858215332031e-01
7.530869841575622559e-01
7.530786395072937012e-01
7.478091120719909668e-01
7.629954218864440918e-01
7.207387685775756836e-01
7.442025542259216309e-01
8.020945787429809570e-01
7.389478683471679688e-01
7.719167470932006836e-01
7.260994911193847656e-01
7.658068537712097168e-01
7.617527246475219727e-01
7.408435344696044922e-01
7.222505807876586914e-01
7.471352219581604004e-01
8.107332587242126465e-01
7.717227935791015625e-01
7.258679270744323730e-01
7.217290997505187988e-01
7.473710775375366211e-01
7.332181930541992188e-01
7.354955673217773438e-01
7.628512382507324219e-01
7.443470358848571777e-01
7.424500584602355957e-01
7.407730221748352051e-01
7.492108941078186035e-01
7.573880553245544434e-01
7.241899371147155762e-01
7.456647157669067383e-01
7.320069670677185059e-01
7.469081878662109375e-01
7.631961107254028320e-01
7.212077379226684570e-01
7.399026155471801758e-01
7.540311813354492188e-01
7.390822768211364746e-01
7.468206286430358887e-01
7.380639314651489258e-01
7.302623987197875977e-01
7.286124229431152344e-01
7.961788177490234375e-01
8.076221346855163574e-01
7.214571833610534668e-01
7.719941139221191406e-01
7.533837556838989258e-01
7.737558484077453613e-01
7.299809455871582031e-01
7.500888705253601074e-01
7.524604201316833496e-01
7.070657610893249512e-01
7.504245638847351074e-01
7.193524241447448730e-01
7.206051945686340332e-01
7.255764603614807129e-01
7.480103373527526855e-01
7.816678881645202637e-01
6.973897218704223633e-01
7.500155568122863770e-01
7.374474406242370605e-01
7.245976924896240234e-01
7.962840199470520020e-01
7.325208783149719238e-01
7.384536862373352051e-01
7.863993644714355469e-01
7.265447974205017090e-01
7.658640742301940918e-01
7.212788462638854980e-01
7.371370792388916016e-01
7.811243534088134766e-01
7.505308985710144043e-01
7.559453845024108887e-01
7.190237045288085938e-01
7.278929948806762695e-01
7.188717722892761230e-01
7.325658202171325684e-01
7.634180784225463867e-01
7.233662605285644531e-01
7.139102816581726074e-01
7.565700411796569824e-01
7.517679333686828613e-01
7.222533822059631348e-01
7.087764143943786621e-01
7.744895815849304199e-01
7.316323518753051758e-01
7.650775313377380371e-01
7.311107516288757324e-01
7.130901217460632324e-01
7.079591751098632812e-01
7.316927313804626465e-01
7.467561960220336914e-01
7.184371352195739746e-01
7.433223128318786621e-01
7.392945289611816406e-01
7.151555418968200684e-01
6.970551013946533203e-01
7.815693020820617676e-01
7.754365205764770508e-01
7.296394705772399902e-01
7.163297533988952637e-01
7.334350347518920898e-01
7.129160165786743164e-01
7.297664880752563477e-01
7.084642052650451660e-01
7.240647077560424805e-01
7.329585552215576172e-01
7.345714569091796875e-01
7.243188619613647461e-01
7.193837165832519531e-01
7.468642592430114746e-01
7.017216086387634277e-01
7.485994696617126465e-01
7.125199437141418457e-01
7.122467160224914551e-01
7.085839509963989258e-01
7.146858572959899902e-01
7.319900393486022949e-01
7.224016189575195312e-01
7.744441032409667969e-01
7.302643060684204102e-01
7.230471372604370117e-01
7.287823557853698730e-01
7.277936935424804688e-01
8.107576370239257812e-01
7.260031104087829590e-01
7.472229003906250000e-01
7.213279604911804199e-01
7.052913308143615723e-01
7.205907702445983887e-01
6.894282698631286621e-01
7.941865921020507812e-01
7.298501133918762207e-01
7.230221629142761230e-01
7.259225845336914062e-01
7.213646769523620605e-01
6.946746706962585449e-01
7.210195064544677734e-01
7.202292680740356445e-01
7.161920666694641113e-01
7.714900970458984375e-01
7.088887095451354980e-01
7.043228149414062500e-01
7.247018218040466309e-01
7.411796450614929199e-01
7.530137896537780762e-01
7.485530972480773926e-01
7.095840573310852051e-01
7.111929655075073242e-01
7.572699785232543945e-01
7.033059000968933105e-01
6.904630064964294434e-01
7.435698509216308594e-01
7.507045865058898926e-01
7.278015613555908203e-01
7.368950247764587402e-01
7.186091542243957520e-01
7.490868568420410156e-01
7.910947203636169434e-01
7.359499335289001465e-01
7.503184676170349121e-01
7.941180467605590820e-01
6.948449015617370605e-01
7.174057960510253906e-01
7.026392817497253418e-01
7.020404338836669922e-01
7.372857928276062012e-01
7.270643115043640137e-01
7.333863377571105957e-01
7.239931225776672363e-01
7.198445796966552734e-01
7.580405473709106445e-01
6.973838210105895996e-01
7.130689024925231934e-01
7.259411811828613281e-01
7.868481278419494629e-01
6.875357031822204590e-01
7.926365137100219727e-01
7.055618166923522949e-01
7.074017524719238281e-01
7.029722332954406738e-01
7.165026664733886719e-01
7.131983041763305664e-01
7.002403140068054199e-01
6.990463733673095703e-01
7.041215896606445312e-01
7.417597174644470215e-01
7.071883082389831543e-01
7.187687158584594727e-01
7.205635905265808105e-01
7.284307479858398438e-01
7.184230685234069824e-01
7.147309184074401855e-01
7.217658758163452148e-01
7.601539492607116699e-01
7.590857148170471191e-01
7.551825642585754395e-01
7.441853880882263184e-01
7.124131321907043457e-01
7.513520717620849609e-01
7.446030974388122559e-01
7.509967684745788574e-01
7.271723747253417969e-01
7.412646412849426270e-01
7.261824011802673340e-01
7.126489877700805664e-01
7.386543154716491699e-01
7.455023527145385742e-01
7.255967259407043457e-01
7.268189191818237305e-01
7.434039115905761719e-01
7.171996235847473145e-01
7.737042307853698730e-01
6.957832574844360352e-01
7.559276819229125977e-01
7.044815421104431152e-01
7.275285124778747559e-01
7.504712939262390137e-01
7.139031291007995605e-01
6.986951231956481934e-01
7.142826318740844727e-01
7.372443675994873047e-01
7.563723921775817871e-01
7.568632364273071289e-01
7.714636921882629395e-01
7.306093573570251465e-01
7.530961036682128906e-01
7.519558668136596680e-01
7.397891879081726074e-01
7.270428538322448730e-01
7.502867579460144043e-01
7.679486274719238281e-01
7.145400047302246094e-01
7.360467910766601562e-01
7.436467409133911133e-01
7.466668486595153809e-01
6.941341757774353027e-01
7.181206941604614258e-01
6.957258582115173340e-01
7.034794092178344727e-01
7.201916575431823730e-01
7.317146658897399902e-01
7.283222675323486328e-01
7.244889736175537109e-01
7.205340266227722168e-01
7.507852911949157715e-01
7.026569843292236328e-01
7.469326257705688477e-01
7.182760834693908691e-01
6.974679827690124512e-01
7.167352437973022461e-01
8.026506304740905762e-01
7.032331824302673340e-01
7.447933554649353027e-01
7.048828005790710449e-01
7.002552151679992676e-01
6.949548721313476562e-01
7.143392562866210938e-01
7.110895514488220215e-01
7.134199738502502441e-01
7.242566347122192383e-01
7.407718896865844727e-01
7.323706150054931641e-01
7.148393392562866211e-01
8.375803232192993164e-01
7.345556616783142090e-01
7.365786433219909668e-01
7.602927088737487793e-01
7.028979659080505371e-01
7.625361680984497070e-01
7.705196738243103027e-01
7.278137207031250000e-01
7.329681515693664551e-01
7.252483367919921875e-01
7.136838436126708984e-01
7.298589944839477539e-01
7.015561461448669434e-01
