1.036213263869285583e-01
6.169740483164787292e-02
6.439302116632461548e-02
6.953953206539154053e-02
1.018901318311691284e-01
6.396424770355224609e-02
9.260810911655426025e-02
5.607376620173454285e-02
6.500546634197235107e-02
6.463640928268432617e-02
4.285209625959396362e-02
5.128244683146476746e-02
6.623564660549163818e-02
6.314498186111450195e-02
6.276124715805053711e-02
6.376116722822189331e-02
4.465827345848083496e-02
4.378799349069595337e-02
5.240333825349807739e-02
6.315378099679946899e-02
7.383584976196289062e-02
4.868413135409355164e-02
5.502223223447799683e-02
3.197508677840232849e-02
5.250003933906555176e-02
5.293828248977661133e-02
5.739125609397888184e-02
4.498282074928283691e-02
4.678929597139358521e-02
4.665834829211235046e-02
4.606534168124198914e-02
3.962896019220352173e-02
5.991170927882194519e-02
6.018187105655670166e-02
4.463864117860794067e-02
3.625904023647308350e-02
4.464304447174072266e-02
3.562997281551361084e-02
3.984441608190536499e-02
3.464261442422866821e-02
5.323745310306549072e-02
4.723941534757614136e-02
3.929242119193077087e-02
3.763633966445922852e-02
3.759656846523284912e-02
3.429346531629562378e-02
2.401455864310264587e-02
3.359486907720565796e-02
3.785982728004455566e-02
3.931730985641479492e-02
4.372779652476310730e-02
4.154821112751960754e-02
5.080919712781906128e-02
4.209804162383079529e-02
2.039537020027637482e-02
3.477492928504943848e-02
2.145271562039852142e-02
2.950922027230262756e-02
2.497789263725280762e-02
4.499248787760734558e-02
3.468827903270721436e-02
2.833442389965057373e-02
1.878665015101432800e-02
2.996890805661678314e-02
2.611356042325496674e-02
3.256955742835998535e-02
3.078426048159599304e-02
3.207065165042877197e-02
2.244960144162178040e-02
2.647312544286251068e-02
3.151462227106094360e-02
4.217238351702690125e-02
3.212300688028335571e-02
2.253729663789272308e-02
3.462000936269760132e-02
3.637502342462539673e-02
2.857195585966110229e-02
3.202342987060546875e-02
2.971530705690383911e-02
4.206068068742752075e-02
2.719785273075103760e-02
2.987303957343101501e-02
3.051789849996566772e-02
3.558996319770812988e-02
3.690972179174423218e-02
2.954287827014923096e-02
3.393149003386497498e-02
2.405901998281478882e-02
2.730308286845684052e-02
2.651665359735488892e-02
4.175574332475662231e-02
3.552400693297386169e-02
2.423663996160030365e-02
2.693425677716732025e-02
2.950485609471797943e-02
3.755921870470046997e-02
3.391927480697631836e-02
2.721584588289260864e-02
4.759656637907028198e-02
2.919936552643775940e-02
2.563324198126792908e-02
3.122758679091930389e-02
3.485733270645141602e-02
2.033416926860809326e-02
2.723635360598564148e-02
5.492016300559043884e-02
2.451094239950180054e-02
2.023822069168090820e-02
2.501962706446647644e-02
2.231560274958610535e-02
2.698134258389472961e-02
2.476659044623374939e-02
2.573443204164505005e-02
4.745071753859519958e-02
4.051000252366065979e-02
2.953631430864334106e-02
4.239655658602714539e-02
3.655285388231277466e-02
2.694962546229362488e-02
2.497294172644615173e-02
4.513785988092422485e-02
2.511477097868919373e-02
3.139870241284370422e-02
3.282184898853302002e-02
2.727829478681087494e-02
2.492700517177581787e-02
2.124492451548576355e-02
4.055045545101165771e-02
3.527330234646797180e-02
2.943462505936622620e-02
3.220117837190628052e-02
4.446359723806381226e-02
3.578255325555801392e-02
2.154301665723323822e-02
2.806200645864009857e-02
2.784463390707969666e-02
1.994443312287330627e-02
2.797077596187591553e-02
2.877997420728206635e-02
2.140726707875728607e-02
3.862259536981582642e-02
3.209403157234191895e-02
3.862985968589782715e-02
3.370022773742675781e-02
2.003867179155349731e-02
4.591923207044601440e-02
2.157598361372947693e-02
1.623154245316982269e-02
1.398809999227523804e-02
3.184685483574867249e-02
3.349296003580093384e-02
3.201557695865631104e-02
3.007183037698268890e-02
3.164180368185043335e-02
2.061632089316844940e-02
2.228762768208980560e-02
3.258311375975608826e-02
2.443317696452140808e-02
3.288528323173522949e-02
3.277619183063507080e-02
3.461363166570663452e-02
3.488254919648170471e-02
4.923370480537414551e-02
1.578528247773647308e-02
2.276752516627311707e-02
3.579425439238548279e-02
1.374717801809310913e-02
1.850198954343795776e-02
2.591109275817871094e-02
2.213576063513755798e-02
3.666877001523971558e-02
2.590504288673400879e-02
3.089338913559913635e-02
2.259343862533569336e-02
1.757225953042507172e-02
2.849255874752998352e-02
2.427352964878082275e-02
2.318204566836357117e-02
2.381094917654991150e-02
2.916988357901573181e-02
3.439321368932723999e-02
3.685270994901657104e-02
2.704811096191406250e-02
2.776253782212734222e-02
2.511268481612205505e-02
2.296678349375724792e-02
2.076847106218338013e-02
2.897169813513755798e-02
2.799920737743377686e-02
3.738714382052421570e-02
2.713461220264434814e-02
2.454324066638946533e-02
2.289468422532081604e-02
2.432029694318771362e-02
1.875238679349422455e-02
2.550604008138179779e-02
3.076541982591152191e-02
2.817851118743419647e-02
1.543282251805067062e-02
2.314954623579978943e-02
3.710208833217620850e-02
3.537055850028991699e-02
1.918896660208702087e-02
1.689276099205017090e-02
1.950787380337715149e-02
2.453864179551601410e-02
2.832706831395626068e-02
3.417257592082023621e-02
2.390395104885101318e-02
2.187424153089523315e-02
3.152648359537124634e-02
2.404107153415679932e-02
1.774743013083934784e-02
2.907132171094417572e-02
4.052769392728805542e-02
3.588010743260383606e-02
2.592170797288417816e-02
2.102017030119895935e-02
3.441443294286727905e-02
2.044035494327545166e-02
1.731704175472259521e-02
3.808535262942314148e-02
3.631918132305145264e-02
2.867052517831325531e-02
4.540304467082023621e-02
2.331316843628883362e-02
3.023513779044151306e-02
4.826646298170089722e-02
2.476406656205654144e-02
3.339521586894989014e-02
2.387776598334312439e-02
2.248050831258296967e-02
2.107251249253749847e-02
1.967420242726802826e-02
5.518206581473350525e-02
2.617938071489334106e-02
2.931250259280204773e-02
2.806255780160427094e-02
2.409421466290950775e-02
3.154914081096649170e-02
2.371462807059288025e-02
2.189292013645172119e-02
3.428895398974418640e-02
1.854323409497737885e-02
2.012009546160697937e-02
2.737034857273101807e-02
3.086979314684867859e-02
3.648253530263900757e-02
4.207076877355575562e-02
2.523285150527954102e-02
1.774669252336025238e-02
2.354377880692481995e-02
2.085060253739356995e-02
2.356783114373683929e-02
3.635976091027259827e-02
3.044360689818859100e-02
1.850701496005058289e-02
2.276427671313285828e-02
2.008606866002082825e-02
2.330012619495391846e-02
2.322574332356452942e-02
2.776127122342586517e-02
3.794893622398376465e-02
2.110034599900245667e-02
3.012308850884437561e-02
2.976229786872863770e-02
1.949707977473735809e-02
2.151064202189445496e-02
2.958478778600692749e-02
3.390619903802871704e-02
3.128448873758316040e-02
3.283990547060966492e-02
1.599181070923805237e-02
2.156796678900718689e-02
3.954913839697837830e-02
2.612944692373275757e-02
2.376347407698631287e-02
3.673216328024864197e-02
2.134667336940765381e-02
2.792090550065040588e-02
4.181261360645294189e-02
2.990357950329780579e-02
2.872686088085174561e-02
2.245621383190155029e-02
1.512834243476390839e-02
3.495890647172927856e-02
1.400427799671888351e-02
2.377276122570037842e-02
2.985293790698051453e-02
3.069244883954524994e-02
3.525869920849800110e-02
2.584702894091606140e-02
2.972426079213619232e-02
1.571310497820377350e-02
3.511504083871841431e-02
3.197675570845603943e-02
1.544209569692611694e-02
3.211034089326858521e-02
1.783549785614013672e-02
3.872998058795928955e-02
3.052272461354732513e-02
2.616006694734096527e-02
3.426764160394668579e-02
1.964524947106838226e-02
1.925104111433029175e-02
2.227619290351867676e-02
3.213156014680862427e-02
1.940261386334896088e-02
3.366107493638992310e-02
2.426421269774436951e-02
2.340525947511196136e-02
2.316236309707164764e-02
2.998400107026100159e-02
2.640697918832302094e-02
1.682927832007408142e-02
4.296763986349105835e-02
2.451314404606819153e-02
3.426623716950416565e-02
2.143973112106323242e-02
1.361571438610553741e-02
2.546050772070884705e-02
2.888869866728782654e-02
2.921919524669647217e-02
2.784453332424163818e-02
1.993247494101524353e-02
2.683082036674022675e-02
1.660305634140968323e-02
2.501760050654411316e-02
1.555585488677024841e-02
3.459936007857322693e-02
2.616548538208007812e-02
2.954431995749473572e-02
3.094447962939739227e-02
1.768780499696731567e-02
3.038050793111324310e-02
2.982352301478385925e-02
2.211966179311275482e-02
2.066384069621562958e-02
2.230568043887615204e-02
3.023093752562999725e-02
2.330913394689559937e-02
2.667248807847499847e-02
1.923177205026149750e-02
2.234426699578762054e-02
2.242472767829895020e-02
2.046824991703033447e-02
2.406577393412590027e-02
2.559821121394634247e-02
2.408098429441452026e-02
2.455832809209823608e-02
3.676839917898178101e-02
1.602941378951072693e-02
2.831141650676727295e-02
3.734111040830612183e-02
2.112478017807006836e-02
2.355734631419181824e-02
2.048145607113838196e-02
3.179354593157768250e-02
3.321890532970428467e-02
2.358990907669067383e-02
2.379728853702545166e-02
2.832124754786491394e-02
3.728136420249938965e-02
2.495653741061687469e-02
4.420873150229454041e-02
2.325520664453506470e-02
2.648656070232391357e-02
2.794744074344635010e-02
3.401657566428184509e-02
4.400067776441574097e-02
3.037875518202781677e-02
2.177456021308898926e-02
2.544288896024227142e-02
3.088840469717979431e-02
2.320680022239685059e-02
2.062466368079185486e-02
1.915162801742553711e-02
1.904380321502685547e-02
3.981072455644607544e-02
2.108207345008850098e-02
2.549383603036403656e-02
1.873215660452842712e-02
2.225544117391109467e-02
2.344707213342189789e-02
2.163336798548698425e-02
2.375048026442527771e-02
2.115220949053764343e-02
8.455706760287284851e-03
2.572877332568168640e-02
1.434335298836231232e-02
2.848607860505580902e-02
2.985244616866111755e-02
2.565868198871612549e-02
4.278945177793502808e-02
3.419915586709976196e-02
2.822730503976345062e-02
2.533826790750026703e-02
2.766612544655799866e-02
2.172809466719627380e-02
1.898923143744468689e-02
2.882261946797370911e-02
3.928031772375106812e-02
2.142466232180595398e-02
2.305897139012813568e-02
2.327417954802513123e-02
2.889334782958030701e-02
2.610570192337036133e-02
3.000855073332786560e-02
1.815253123641014099e-02
2.781999856233596802e-02
2.917214296758174896e-02
3.633809089660644531e-02
3.686214238405227661e-02
2.664072811603546143e-02
2.791134826838970184e-02
2.213435433804988861e-02
2.592690289020538330e-02
2.666324377059936523e-02
3.450901433825492859e-02
2.972373738884925842e-02
4.099521040916442871e-02
2.794512920081615448e-02
2.364923804998397827e-02
1.538003049790859222e-02
3.327438980340957642e-02
2.959769032895565033e-02
2.000112831592559814e-02
2.046230062842369080e-02
2.279391512274742126e-02
1.398405432701110840e-02
2.806869708001613617e-02
1.935699954628944397e-02
2.115812897682189941e-02
2.159351855516433716e-02
3.654348105192184448e-02
2.200596593320369720e-02
2.956494316458702087e-02
2.245248854160308838e-02
1.752980425953865051e-02
2.536667883396148682e-02
1.169399172067642212e-02
1.090423762798309326e-02
1.894407533109188080e-02
3.933865576982498169e-02
4.535943269729614258e-02
3.432937711477279663e-02
3.205884248018264771e-02
2.178011648356914520e-02
2.514911256730556488e-02
4.003351926803588867e-02
2.538761310279369354e-02
2.744451723992824554e-02
1.943955942988395691e-02
2.344988845288753510e-02
1.426618825644254684e-02
2.662899158895015717e-02
1.468518935143947601e-02
1.885757967829704285e-02
2.501551434397697449e-02
2.442989870905876160e-02
2.609800919890403748e-02
1.990733109414577484e-02
3.302488103508949280e-02
3.695747628808021545e-02
2.972035668790340424e-02
2.385454438626766205e-02
2.838230691850185394e-02
2.045185677707195282e-02
2.391012012958526611e-02
2.265883982181549072e-02
2.287760376930236816e-02
3.473797440528869629e-02
2.021119929850101471e-02
1.620763726532459259e-02
2.481369301676750183e-02
3.134195134043693542e-02
2.589990757405757904e-02
2.560344710946083069e-02
2.759391069412231445e-02
2.146045491099357605e-02
2.904768101871013641e-02
2.328814566135406494e-02
2.696280740201473236e-02
1.906730607151985168e-02
2.592962235212326050e-02
3.380931168794631958e-02
3.020180389285087585e-02
3.941647708415985107e-02
1.995190978050231934e-02
2.699848823249340057e-02
2.292273752391338348e-02
3.379256278276443481e-02
1.682751998305320740e-02
1.856294646859169006e-02
2.055493369698524475e-02
2.474694699048995972e-02
2.086973190307617188e-02
1.790405251085758209e-02
2.943316660821437836e-02
2.205844223499298096e-02
3.909856826066970825e-02
2.005937322974205017e-02
3.745222091674804688e-02
2.908371947705745697e-02
1.581961289048194885e-02
3.716302663087844849e-02
2.679121121764183044e-02
2.154436707496643066e-02
1.910845562815666199e-02
2.634953334927558899e-02
2.032864838838577271e-02
2.563389018177986145e-02
2.529656514525413513e-02
1.887096278369426727e-02
2.141382917761802673e-02
2.011806517839431763e-02
3.128681331872940063e-02
3.580512851476669312e-02
1.707674935460090637e-02
3.142347931861877441e-02
3.341996297240257263e-02
2.526208385825157166e-02
1.594606786966323853e-02
2.112166397273540497e-02
3.428526222705841064e-02
1.362375356256961823e-02
2.735332213342189789e-02
2.883079275488853455e-02
3.370738774538040161e-02
2.459027431905269623e-02
2.262056991457939148e-02
3.954739868640899658e-02
1.959765516221523285e-02
2.377530187368392944e-02
4.303418844938278198e-02
2.859002351760864258e-02
2.548904344439506531e-02
2.194887213408946991e-02
1.682513579726219177e-02
3.309779986739158630e-02
2.602403424680233002e-02
2.534424886107444763e-02
2.449452877044677734e-02
4.540212452411651611e-02
3.921673446893692017e-02
2.225257083773612976e-02
2.132786437869071960e-02
2.663694880902767181e-02
1.883087307214736938e-02
1.569571718573570251e-02
2.022651210427284241e-02
1.118703465908765793e-02
2.078157104551792145e-02
2.783362567424774170e-02
1.383620128035545349e-02
2.282730303704738617e-02
2.944434247910976410e-02
2.505713701248168945e-02
2.843964099884033203e-02
3.455553948879241943e-02
2.236406132578849792e-02
2.528922259807586670e-02
2.688733860850334167e-02
1.848303340375423431e-02
1.777454465627670288e-02
1.807227730751037598e-02
3.280548751354217529e-02
2.675971947610378265e-02
3.739242255687713623e-02
1.874171383678913116e-02
1.643850840628147125e-02
2.124299854040145874e-02
2.653820440173149109e-02
3.266431391239166260e-02
2.344598993659019470e-02
2.429486811161041260e-02
2.356282994151115417e-02
2.338681742548942566e-02
1.902457699179649353e-02
2.242252789437770844e-02
3.146020695567131042e-02
2.661292068660259247e-02
2.297896705567836761e-02
2.258285507559776306e-02
4.065846651792526245e-02
1.806366816163063049e-02
2.777785807847976685e-02
2.564710937440395355e-02
1.703458651900291443e-02
2.072823792695999146e-02
2.771393768489360809e-02
2.957204543054103851e-02
2.829399704933166504e-02
2.262597344815731049e-02
3.111018799245357513e-02
1.976286433637142181e-02
3.242938220500946045e-02
2.894467674195766449e-02
2.749433182179927826e-02
1.826898567378520966e-02
1.685405150055885315e-02
3.018929436802864075e-02
3.230212256312370300e-02
1.789855957031250000e-02
3.935196250677108765e-02
1.832064613699913025e-02
1.575234904885292053e-02
1.798409223556518555e-02
2.537906169891357422e-02
2.481342852115631104e-02
2.100384980440139771e-02
3.256523981690406799e-02
2.049136534333229065e-02
2.599541656672954559e-02
2.297068759799003601e-02
1.854888163506984711e-02
2.390582859516143799e-02
2.464239299297332764e-02
2.074184827506542206e-02
2.889610826969146729e-02
2.339266985654830933e-02
4.127864167094230652e-02
2.361693605780601501e-02
2.092866227030754089e-02
1.896004378795623779e-02
1.965678110718727112e-02
3.377107158303260803e-02
1.472337357699871063e-02
3.540196642279624939e-02
2.418512105941772461e-02
2.476975880563259125e-02
3.005792945623397827e-02
2.429248020052909851e-02
1.676264218986034393e-02
2.714819274842739105e-02
3.115739673376083374e-02
1.902214251458644867e-02
1.885601691901683807e-02
2.533002011477947235e-02
3.095729649066925049e-02
2.405051887035369873e-02
1.585246250033378601e-02
3.089864179491996765e-02
2.184689417481422424e-02
2.532338723540306091e-02
3.384339809417724609e-02
2.281673252582550049e-02
2.562221698462963104e-02
2.491745911538600922e-02
3.532264381647109985e-02
4.271581768989562988e-02
2.314767986536026001e-02
2.219650521874427795e-02
1.596749573945999146e-02
3.095933608710765839e-02
2.734100818634033203e-02
1.789229921996593475e-02
2.429035864770412445e-02
1.884358562529087067e-02
2.066142670810222626e-02
2.190024219453334808e-02
1.376353483647108078e-02
5.013548582792282104e-02
2.249494940042495728e-02
2.370946854352951050e-02
2.691972255706787109e-02
1.056880038231611252e-02
3.278360143303871155e-02
2.691564708948135376e-02
1.967803761363029480e-02
2.296947501599788666e-02
3.075587376952171326e-02
2.675094269216060638e-02
2.265851758420467377e-02
2.040655165910720825e-02
2.365215122699737549e-02
2.698959223926067352e-02
1.147344522178173065e-02
2.050487510859966278e-02
2.784979157149791718e-02
3.110224381089210510e-02
2.067179232835769653e-02
2.468266710638999939e-02
1.944158039987087250e-02
2.072814665734767914e-02
1.795890182256698608e-02
4.260671138763427734e-02
2.847499214112758636e-02
2.011835202574729919e-02
3.137065842747688293e-02
1.970355957746505737e-02
2.593971788883209229e-02
2.379451319575309753e-02
2.939668856561183929e-02
1.671787165105342865e-02
2.533668279647827148e-02
2.217103354632854462e-02
1.137921959161758423e-02
2.582987770438194275e-02
1.924368739128112793e-02
1.495623029768466949e-02
2.487309090793132782e-02
3.053318336606025696e-02
2.726147137582302094e-02
3.123078867793083191e-02
1.369190495461225510e-02
1.447337120771408081e-02
3.153596073389053345e-02
1.479670219123363495e-02
3.107209503650665283e-02
2.988238260149955750e-02
2.473305538296699524e-02
2.213262580335140228e-02
2.532364428043365479e-02
3.608600795269012451e-02
2.577273175120353699e-02
3.507275134325027466e-02
4.252718016505241394e-02
1.118360087275505066e-02
2.117724344134330750e-02
3.952365741133689880e-02
3.845016658306121826e-02
2.708296291530132294e-02
3.621462732553482056e-02
2.457819506525993347e-02
2.688828855752944946e-02
2.296613715589046478e-02
1.957897096872329712e-02
2.541172131896018982e-02
1.933232322335243225e-02
2.350087277591228485e-02
3.017950057983398438e-02
1.434578280895948410e-02
1.907733827829360962e-02
1.278580166399478912e-02
2.388364076614379883e-02
3.528391197323799133e-02
1.855583488941192627e-02
2.572089433670043945e-02
1.684709824621677399e-02
1.611835323274135590e-02
2.818487212061882019e-02
2.598997019231319427e-02
3.046558611094951630e-02
2.176712453365325928e-02
3.223904222249984741e-02
1.457121968269348145e-02
2.744909189641475677e-02
2.680800110101699829e-02
1.800405979156494141e-02
3.281008452177047729e-02
3.637293726205825806e-02
2.120957337319850922e-02
2.441146038472652435e-02
1.588375866413116455e-02
2.790252864360809326e-02
2.580071985721588135e-02
3.455477207899093628e-02
3.940710425376892090e-02
2.658679336309432983e-02
2.330330573022365570e-02
2.981973066926002502e-02
1.682633161544799805e-02
2.655029855668544769e-02
1.650191470980644226e-02
2.085043303668498993e-02
2.839761599898338318e-02
2.360372059047222137e-02
2.301916852593421936e-02
1.954221911728382111e-02
2.880260907113552094e-02
1.949481107294559479e-02
1.852635666728019714e-02
2.780779823660850525e-02
2.153290435671806335e-02
1.870696246623992920e-02
2.284150198101997375e-02
1.666814647614955902e-02
2.082439884543418884e-02
1.580576226115226746e-02
1.604934036731719971e-02
1.977194659411907196e-02
2.461526170372962952e-02
1.530114095658063889e-02
2.677932940423488617e-02
1.929612457752227783e-02
1.802346482872962952e-02
1.362211816012859344e-02
1.942114159464836121e-02
1.747093535959720612e-02
2.476534806191921234e-02
2.536883950233459473e-02
3.765614330768585205e-02
3.300526738166809082e-02
3.391192108392715454e-02
1.910379901528358459e-02
2.790674380958080292e-02
2.682172879576683044e-02
2.871483564376831055e-02
2.534529566764831543e-02
1.161190122365951538e-02
2.897333167493343353e-02
3.981704637408256531e-02
3.889093548059463501e-02
2.915066108107566833e-02
2.094518207013607025e-02
3.031560778617858887e-02
2.190282940864562988e-02
3.165064379572868347e-02
2.930753678083419800e-02
2.942584082484245300e-02
2.229580283164978027e-02
2.065504342317581177e-02
2.997483871877193451e-02
2.242821455001831055e-02
3.061731159687042236e-02
2.841616980731487274e-02
3.162243962287902832e-02
1.430866401642560959e-02
1.794759184122085571e-02
3.728399053215980530e-02
2.075912430882453918e-02
3.297756612300872803e-02
1.956107467412948608e-02
2.256989292800426483e-02
2.770264074206352234e-02
2.426285110414028168e-02
1.384215243160724640e-02
3.487314283847808838e-02
2.507931739091873169e-02
2.325496450066566467e-02
2.297018468379974365e-02
3.249133378267288208e-02
8.064931631088256836e-02
2.067561075091362000e-02
2.515047416090965271e-02
1.462609879672527313e-02
2.088534832000732422e-02
3.595544397830963135e-02
1.647871173918247223e-02
2.686139754951000214e-02
1.673440448939800262e-02
2.597218379378318787e-02
2.536745369434356689e-02
2.873410843312740326e-02
2.160807326436042786e-02
2.493855915963649750e-02
2.897921949625015259e-02
2.960264682769775391e-02
2.856929600238800049e-02
1.433614082634449005e-02
2.828419022262096405e-02
2.914255484938621521e-02
1.421841233968734741e-02
1.783234812319278717e-02
2.601179480552673340e-02
1.773094385862350464e-02
1.512759458273649216e-02
2.894285880029201508e-02
1.470906287431716919e-02
4.316241666674613953e-02
2.558477781713008881e-02
1.905791833996772766e-02
3.162017092108726501e-02
2.833865210413932800e-02
1.430025231093168259e-02
2.773329429328441620e-02
3.477929532527923584e-02
2.647931501269340515e-02
2.007537707686424255e-02
2.296521142125129700e-02
2.951266430318355560e-02
2.608358860015869141e-02
2.368848025798797607e-02
2.414309978485107422e-02
3.156682848930358887e-02
2.702024392783641815e-02
2.983835898339748383e-02
2.197044156491756439e-02
4.176227375864982605e-02
1.791218295693397522e-02
2.093178592622280121e-02
1.775405183434486389e-02
1.825740188360214233e-02
2.401639521121978760e-02
2.226483449339866638e-02
1.453819405287504196e-02
2.612891793251037598e-02
2.727107517421245575e-02
2.724946849048137665e-02
2.045622095465660095e-02
1.725443080067634583e-02
1.431716978549957275e-02
4.446546360850334167e-02
3.146880120038986206e-02
1.543561182916164398e-02
2.307509444653987885e-02
2.532359771430492401e-02
1.596324890851974487e-02
3.563169389963150024e-02
2.870879322290420532e-02
2.194346487522125244e-02
5.080673843622207642e-02
1.720733381807804108e-02
1.977442950010299683e-02
2.318294346332550049e-02
2.746509015560150146e-02
2.245818637311458588e-02
2.096647024154663086e-02
2.047000825405120850e-02
3.280963003635406494e-02
2.264976873993873596e-02
1.041339710354804993e-02
2.574036642909049988e-02
2.811624109745025635e-02
2.871320210397243500e-02
2.916418015956878662e-02
1.885279268026351929e-02
1.930678449571132660e-02
1.423754170536994934e-02
2.794340997934341431e-02
2.514909580349922180e-02
3.687427937984466553e-02
1.664109341800212860e-02
2.532008290290832520e-02
2.180187776684761047e-02
2.994783781468868256e-02
2.469025179743766785e-02
2.841385826468467712e-02
2.847838029265403748e-02
2.187845483422279358e-02
2.219763025641441345e-02
2.343390509486198425e-02
2.597472071647644043e-02
2.272268198430538177e-02
2.197605744004249573e-02
3.075876459479331970e-02
2.942337095737457275e-02
2.321640774607658386e-02
2.302850410342216492e-02
2.672703377902507782e-02
3.958539292216300964e-02
2.049300819635391235e-02
2.187082916498184204e-02
2.172110788524150848e-02
3.224186599254608154e-02
2.468604408204555511e-02
2.118481695652008057e-02
2.411585301160812378e-02
1.939737796783447266e-02
2.062775567173957825e-02
1.984433829784393311e-02
2.622086182236671448e-02
1.866737566888332367e-02
1.619282923638820648e-02
3.044585697352886200e-02
2.297287806868553162e-02
2.398038655519485474e-02
3.972422331571578979e-02
1.630694977939128876e-02
3.255770355463027954e-02
2.662811987102031708e-02
2.215437218546867371e-02
2.802396565675735474e-02
2.455160394310951233e-02
2.655809745192527771e-02
2.093138918280601501e-02
2.423960529267787933e-02
2.042459696531295776e-02
2.321699634194374084e-02
1.788076758384704590e-02
1.507322397083044052e-02
2.058695629239082336e-02
2.690531313419342041e-02
3.184540569782257080e-02
3.120043687522411346e-02
1.992416195571422577e-02
3.758713603019714355e-02
2.856072783470153809e-02
3.677400946617126465e-02
2.671839296817779541e-02
1.222928147763013840e-02
2.571063116192817688e-02
2.214774116873741150e-02
1.502835750579833984e-02
1.879253983497619629e-02
2.047255262732505798e-02
2.577868103981018066e-02
2.012886479496955872e-02
7.228943984955549240e-03
1.818776875734329224e-02
3.325083106756210327e-02
2.176854014396667480e-02
1.994558051228523254e-02
1.736108586192131042e-02
2.514450252056121826e-02
2.504828199744224548e-02
2.620813250541687012e-02
1.950128935277462006e-02
3.374136611819267273e-02
3.745576739311218262e-02
1.182433869689702988e-02
2.425823733210563660e-02
1.838751509785652161e-02
2.341162227094173431e-02
3.030026517808437347e-02
8.308656513690948486e-03
1.610191166400909424e-02
2.524576149880886078e-02
1.989377848803997040e-02
3.134743869304656982e-02
1.260257791727781296e-02
2.371542155742645264e-02
2.261429652571678162e-02
2.094547450542449951e-02
2.147564105689525604e-02
2.113081514835357666e-02
3.312529623508453369e-02
2.853347919881343842e-02
1.699498854577541351e-02
2.246920391917228699e-02
1.691851392388343811e-02
2.616979740560054779e-02
1.672573201358318329e-02
3.472948074340820312e-02
2.394119463860988617e-02
2.584372274577617645e-02
4.623231291770935059e-02
3.006806224584579468e-02
2.465713769197463989e-02
2.821319922804832458e-02
1.493848673999309540e-02
1.297127734869718552e-02
1.263888739049434662e-02
2.907372638583183289e-02
1.436716876924037933e-02
2.589575573801994324e-02
2.452357672154903412e-02
3.139379620552062988e-02
2.256869897246360779e-02
1.773257181048393250e-02
2.370136603713035583e-02
2.395524643361568451e-02
3.093363717198371887e-02
1.852002367377281189e-02
2.393807843327522278e-02
2.486604079604148865e-02
3.040201030671596527e-02
2.251325547695159912e-02
3.216735273599624634e-02
4.186958074569702148e-02
3.086684457957744598e-02
2.804701030254364014e-02
1.943115517497062683e-02
2.703610062599182129e-02
1.890610717236995697e-02
1.818432658910751343e-02
1.591351255774497986e-02
1.428323239088058472e-02
2.880164235830307007e-02
2.507528290152549744e-02
1.938179694116115570e-02
2.401612326502799988e-02
1.992624625563621521e-02
3.350141644477844238e-02
2.239228412508964539e-02
4.133874922990798950e-02
3.145087510347366333e-02
3.391093015670776367e-02
1.842325925827026367e-02
1.244352199137210846e-02
1.511515490710735321e-02
2.754923701286315918e-02
2.911496162414550781e-02
2.176330611109733582e-02
2.204073034226894379e-02
2.389597147703170776e-02
2.386139333248138428e-02
2.521125786006450653e-02
1.738179102540016174e-02
2.365037426352500916e-02
3.379910811781883240e-02
1.754925958812236786e-02
2.749685570597648621e-02
1.729331910610198975e-02
3.045096062123775482e-02
3.722018003463745117e-02
3.009414486587047577e-02
2.995996177196502686e-02
2.090319618582725525e-02
1.541078649461269379e-02
3.813138231635093689e-02
8.259965106844902039e-03
1.777604967355728149e-02
3.393391147255897522e-02
1.983465813100337982e-02
2.189888060092926025e-02
2.059118077158927917e-02
1.705296337604522705e-02
1.546332985162734985e-02
2.197855524718761444e-02
1.627898775041103363e-02
1.869232766330242157e-02
2.515281736850738525e-02
2.706632763147354126e-02
2.718088030815124512e-02
4.533786326646804810e-02
1.215179264545440674e-02
3.166594728827476501e-02
2.698370814323425293e-02
1.672518625855445862e-02
4.211042448878288269e-02
1.685000956058502197e-02
1.748466119170188904e-02
2.500393614172935486e-02
2.839384973049163818e-02
2.531953155994415283e-02
2.406589686870574951e-02
2.243383228778839111e-02
2.314989827573299408e-02
2.603197656571865082e-02
3.310727328062057495e-02
3.227068483829498291e-02
2.993152104318141937e-02
2.250988036394119263e-02
1.463313307613134384e-02
2.556198462843894958e-02
1.781989447772502899e-02
1.866823993623256683e-02
1.647819392383098602e-02
1.357140950858592987e-02
1.800666749477386475e-02
3.996482118964195251e-02
3.136071562767028809e-02
2.995764836668968201e-02
1.661430858075618744e-02
2.247034758329391479e-02
3.015606664121150970e-02
2.860390394926071167e-02
2.174530923366546631e-02
1.238907780498266220e-02
2.117385342717170715e-02
2.219434455037117004e-02
1.785809919238090515e-02
2.320898696780204773e-02
1.568175666034221649e-02
1.653870195150375366e-02
1.964811980724334717e-02
2.544686943292617798e-02
3.784768283367156982e-02
2.565392479300498962e-02
2.887434884905815125e-02
2.809440717101097107e-02
1.727913320064544678e-02
1.660307310521602631e-02
2.129526063799858093e-02
1.454460900276899338e-02
1.901905052363872528e-02
2.754731476306915283e-02
2.235846780240535736e-02
2.654155343770980835e-02
1.877542398869991302e-02
2.749129943549633026e-02
4.668983817100524902e-02
1.291261427104473114e-02
3.237510472536087036e-02
2.649003081023693085e-02
3.207158297300338745e-02
2.582004480063915253e-02
3.752711787819862366e-02
3.111406229436397552e-02
2.197879552841186523e-02
1.679191738367080688e-02
1.709842681884765625e-02
3.455720841884613037e-02
2.246523462235927582e-02
2.166288718581199646e-02
2.240270934998989105e-02
2.158316224813461304e-02
2.416466549038887024e-02
3.171991556882858276e-02
1.534347143024206161e-02
1.919290050864219666e-02
3.350686281919479370e-02
2.043288946151733398e-02
2.484930306673049927e-02
2.957544103264808655e-02
1.649558357894420624e-02
2.009641192853450775e-02
9.784357622265815735e-03
1.374688558280467987e-02
2.616106346249580383e-02
2.366317436099052429e-02
1.411315053701400757e-02
2.378085255622863770e-02
2.053845115005970001e-02
2.094133943319320679e-02
2.540390193462371826e-02
1.346401870250701904e-02
2.291103079915046692e-02
3.534100949764251709e-02
1.881884410977363586e-02
1.672577485442161560e-02
1.530293375253677368e-02
2.790147438645362854e-02
2.525633573532104492e-02
1.739207468926906586e-02
2.400865219533443451e-02
3.072816692292690277e-02
2.928524836897850037e-02
1.943490840494632721e-02
1.580168679356575012e-02
3.927382826805114746e-02
2.986713871359825134e-02
2.942415699362754822e-02
2.507686428725719452e-02
3.110242262482643127e-02
2.140863612294197083e-02
2.369003556668758392e-02
3.080139681696891785e-02
1.663421653211116791e-02
3.386398404836654663e-02
2.636743150651454926e-02
2.106561884284019470e-02
2.709571272134780884e-02
3.245147690176963806e-02
2.015240117907524109e-02
2.472575008869171143e-02
1.520578004419803619e-02
3.126076981425285339e-02
2.106508985161781311e-02
2.253323793411254883e-02
2.847426012158393860e-02
3.600962087512016296e-02
3.249960392713546753e-02
2.360926568508148193e-02
1.779664121568202972e-02
2.593269571661949158e-02
2.086468599736690521e-02
2.251157164573669434e-02
2.717057988047599792e-02
2.362095937132835388e-02
4.907584935426712036e-02
2.293858677148818970e-02
2.576979808509349823e-02
2.335732243955135345e-02
2.543950825929641724e-02
2.525063604116439819e-02
3.283779323101043701e-02
2.056577429175376892e-02
3.114859759807586670e-02
2.224953472614288330e-02
2.270185574889183044e-02
1.505248434841632843e-02
2.849185094237327576e-02
2.834480069577693939e-02
2.691514790058135986e-02
2.446431480348110199e-02
2.037784084677696228e-02
1.698019728064537048e-02
2.207048051059246063e-02
2.133114449679851532e-02
2.735264226794242859e-02
1.985615305602550507e-02
2.013786323368549347e-02
1.685191690921783447e-02
3.179135546088218689e-02
1.832059025764465332e-02
1.660170219838619232e-02
1.819306239485740662e-02
1.021735090762376785e-02
2.243334800004959106e-02
2.412981912493705750e-02
2.875845693051815033e-02
1.825467497110366821e-02
1.910099759697914124e-02
3.063674829900264740e-02
3.674679622054100037e-02
2.761576138436794281e-02
2.436751686036586761e-02
4.842934012413024902e-02
1.643608696758747101e-02
1.704909838736057281e-02
2.309034392237663269e-02
2.097295224666595459e-02
2.395572327077388763e-02
2.586425095796585083e-02
2.433898672461509705e-02
2.445049211382865906e-02
2.899829298257827759e-02
2.113900147378444672e-02
3.048637136816978455e-02
2.312968298792839050e-02
2.402054518461227417e-02
2.585009299218654633e-02
1.452287472784519196e-02
1.447872724384069443e-02
2.025448530912399292e-02
2.446313202381134033e-02
1.799086108803749084e-02
3.308574482798576355e-02
2.705504558980464935e-02
2.824229001998901367e-02
2.929557859897613525e-02
1.716243475675582886e-02
3.863569721579551697e-02
3.251490369439125061e-02
2.874000929296016693e-02
2.639609202742576599e-02
1.390300225466489792e-02
1.545208133757114410e-02
1.487271487712860107e-02
1.445345487445592880e-02
3.510929271578788757e-02
1.339876186102628708e-02
2.234992384910583496e-02
3.716719150543212891e-02
3.434555232524871826e-02
3.981136903166770935e-02
1.962284557521343231e-02
2.059046179056167603e-02
3.196651488542556763e-02
3.452999889850616455e-02
1.320104487240314484e-02
3.195900470018386841e-02
1.838415861129760742e-02
2.506883256137371063e-02
2.749128639698028564e-02
2.454819343984127045e-02
2.131006680428981781e-02
1.371035166084766388e-02
2.237097173929214478e-02
2.402729541063308716e-02
2.418284118175506592e-02
1.848369091749191284e-02
1.498282141983509064e-02
4.855176806449890137e-02
2.466109953820705414e-02
1.063053309917449951e-02
1.984595693647861481e-02
2.688896283507347107e-02
3.509902581572532654e-02
1.831245608627796173e-02
2.282391116023063660e-02
2.700099349021911621e-02
2.341227233409881592e-02
2.269427478313446045e-02
1.485773175954818726e-02
1.841534674167633057e-02
2.969663962721824646e-02
1.895236037671566010e-02
1.437479257583618164e-02
2.078003808856010437e-02
2.710327133536338806e-02
7.952775806188583374e-03
1.518229953944683075e-02
2.219627052545547485e-02
2.946783415973186493e-02
3.479242324829101562e-02
2.387209236621856689e-02
2.635648101568222046e-02
1.979457959532737732e-02
2.841518446803092957e-02
2.331143617630004883e-02
2.405754104256629944e-02
3.084279596805572510e-02
2.368712052702903748e-02
1.898213289678096771e-02
1.879159361124038696e-02
2.334839478135108948e-02
3.275429829955101013e-02
1.755820773541927338e-02
2.632155083119869232e-02
2.140469849109649658e-02
1.749749854207038879e-02
2.236854285001754761e-02
2.231534942984580994e-02
2.137100324034690857e-02
2.172003500163555145e-02
2.532997727394104004e-02
1.750874146819114685e-02
2.067913487553596497e-02
2.306718006730079651e-02
3.874707221984863281e-02
2.920338138937950134e-02
1.536604017019271851e-02
3.048595786094665527e-02
3.576651960611343384e-02
1.974478550255298615e-02
3.376167267560958862e-02
1.734929345548152924e-02
2.505359053611755371e-02
1.978491060435771942e-02
2.129838243126869202e-02
2.108061872422695160e-02
2.167054824531078339e-02
2.251308225095272064e-02
2.043060399591922760e-02
2.105442248284816742e-02
1.341878622770309448e-02
1.234799157828092575e-02
2.326868101954460144e-02
2.630115300416946411e-02
2.962491288781166077e-02
3.015562146902084351e-02
2.294504642486572266e-02
2.705039829015731812e-02
2.588172256946563721e-02
3.713949397206306458e-02
3.193958848714828491e-02
3.167996183037757874e-02
1.954847015440464020e-02
2.255206182599067688e-02
1.502141635864973068e-02
4.351752996444702148e-02
1.772983931005001068e-02
2.721014618873596191e-02
1.789398118853569031e-02
2.093527838587760925e-02
1.084314845502376556e-02
2.556948363780975342e-02
1.973489299416542053e-02
2.791116386651992798e-02
2.040331624448299408e-02
2.727971039712429047e-02
2.562204375863075256e-02
2.022139914333820343e-02
2.404896914958953857e-02
1.843439415097236633e-02
2.615725621581077576e-02
2.002055943012237549e-02
2.292696945369243622e-02
1.330869644880294800e-02
1.434513833373785019e-02
1.327739190310239792e-02
9.131430648267269135e-03
2.463303506374359131e-02
2.289551123976707458e-02
1.844762079417705536e-02
3.459905087947845459e-02
1.334524806588888168e-02
3.495080024003982544e-02
3.289214521646499634e-02
1.859389990568161011e-02
3.510181233286857605e-02
2.941472642123699188e-02
1.476289331912994385e-02
1.999170891940593719e-02
1.298699341714382172e-02
3.544272109866142273e-02
2.749605104327201843e-02
2.632097527384757996e-02
2.816108241677284241e-02
2.197880111634731293e-02
3.381704539060592651e-02
1.776563748717308044e-02
2.584487199783325195e-02
3.097785823047161102e-02
2.005629986524581909e-02
2.546371892094612122e-02
2.109504304826259613e-02
2.860350161790847778e-02
3.210350126028060913e-02
2.605135738849639893e-02
2.933190390467643738e-02
3.727493435144424438e-02
1.221684180200099945e-02
1.912414841353893280e-02
3.391862660646438599e-02
3.216838091611862183e-02
2.389655262231826782e-02
2.423240803182125092e-02
2.422163262963294983e-02
1.465349644422531128e-02
2.449071966111660004e-02
2.372920513153076172e-02
2.964575402438640594e-02
2.037051692605018616e-02
2.442695200443267822e-02
1.231451705098152161e-02
2.784050628542900085e-02
1.614891737699508667e-02
2.300489507615566254e-02
4.112919420003890991e-02
1.551437377929687500e-02
1.744571886956691742e-02
1.405811309814453125e-02
2.432443946599960327e-02
1.704174093902111053e-02
1.503687351942062378e-02
2.722445130348205566e-02
1.733808219432830811e-02
1.562528312206268311e-02
3.152263909578323364e-02
2.587010338902473450e-02
2.075897529721260071e-02
1.304003410041332245e-02
1.574954949319362640e-02
2.170297503471374512e-02
2.957051619887351990e-02
2.154598757624626160e-02
1.871479861438274384e-02
1.909670419991016388e-02
2.448362670838832855e-02
1.870263554155826569e-02
1.334998663514852524e-02
2.036726661026477814e-02
3.454053401947021484e-02
3.571750968694686890e-02
1.367137394845485687e-02
2.056583762168884277e-02
2.931249141693115234e-02
2.658235840499401093e-02
2.127273939549922943e-02
2.279192768037319183e-02
2.417697384953498840e-02
2.704635262489318848e-02
1.330467592924833298e-02
2.572248503565788269e-02
3.506055474281311035e-02
3.431924805045127869e-02
3.502380102872848511e-02
1.919082552194595337e-02
2.560915611684322357e-02
1.388744451105594635e-02
2.457173541188240051e-02
2.277266047894954681e-02
2.693213149905204773e-02
2.972260676324367523e-02
3.322539478540420532e-02
2.918591909110546112e-02
1.734177768230438232e-02
2.776326239109039307e-02
3.476092219352722168e-02
1.372129749506711960e-02
3.324791416525840759e-02
2.604056522250175476e-02
2.217565476894378662e-02
2.101443335413932800e-02
2.726933360099792480e-02
1.770314946770668030e-02
2.950503304600715637e-02
3.095019981265068054e-02
1.328791584819555283e-02
3.868715092539787292e-02
2.571161463856697083e-02
2.549245581030845642e-02
2.484077587723731995e-02
2.008305490016937256e-02
8.552419021725654602e-03
2.355370484292507172e-02
2.757973037660121918e-02
2.246094867587089539e-02
1.726186834275722504e-02
1.759533211588859558e-02
2.104913443326950073e-02
1.787240058183670044e-02
2.978340350091457367e-02
3.006093204021453857e-02
2.727629803121089935e-02
2.920133620500564575e-02
3.048170730471611023e-02
3.123503737151622772e-02
2.254064381122589111e-02
2.978835999965667725e-02
2.091660909354686737e-02
2.617705240845680237e-02
9.309066459536552429e-03
2.843960933387279510e-02
2.390189096331596375e-02
1.941893994808197021e-02
2.106231451034545898e-02
1.940022781491279602e-02
2.130389772355556488e-02
3.238033503293991089e-02
1.453979592770338058e-02
3.252569958567619324e-02
1.508141681551933289e-02
2.175079286098480225e-02
1.449395995587110519e-02
3.502924367785453796e-02
1.380944810807704926e-02
3.323193639516830444e-02
1.812606304883956909e-02
2.530774101614952087e-02
3.349944949150085449e-02
2.691386640071868896e-02
2.696612477302551270e-02
1.559155248105525970e-02
2.283886075019836426e-02
1.284741144627332687e-02
1.840385608375072479e-02
5.763240903615951538e-02
1.613238826394081116e-02
1.922874152660369873e-02
2.404369972646236420e-02
1.407613605260848999e-02
1.956792548298835754e-02
1.961559429764747620e-02
4.088535159826278687e-02
2.337249182164669037e-02
1.200102828443050385e-02
1.559857558459043503e-02
1.922832801938056946e-02
2.267394587397575378e-02
2.166989259421825409e-02
4.262168332934379578e-02
2.589870803058147430e-02
1.897689327597618103e-02
1.547069381922483444e-02
2.760901674628257751e-02
2.474231831729412079e-02
2.691723220050334930e-02
3.168700262904167175e-02
1.975464634597301483e-02
2.864183858036994934e-02
2.576711773872375488e-02
2.020254358649253845e-02
1.396590285003185272e-02
1.930343918502330780e-02
2.384136617183685303e-02
1.639981381595134735e-02
2.241685986518859863e-02
2.546839043498039246e-02
3.248418867588043213e-02
2.098678611218929291e-02
1.992960274219512939e-02
1.921055465936660767e-02
2.408143877983093262e-02
1.639252714812755585e-02
4.698113724589347839e-02
2.213266864418983459e-02
2.420683763921260834e-02
2.399468421936035156e-02
2.478627115488052368e-02
2.450247108936309814e-02
1.470843330025672913e-02
2.815810404717922211e-02
1.616168022155761719e-02
2.385697513818740845e-02
2.979406528174877167e-02
2.807780727744102478e-02
1.992200873792171478e-02
2.079286240041255951e-02
3.172429651021957397e-02
2.203851565718650818e-02
1.774110458791255951e-02
1.265583094209432602e-02
1.435781642794609070e-02
2.418114989995956421e-02
3.073697909712791443e-02
1.631002873182296753e-02
2.809614315629005432e-02
1.984837464988231659e-02
1.535674463957548141e-02
1.083641778677701950e-02
3.519379720091819763e-02
2.111803367733955383e-02
1.926867291331291199e-02
2.711597643792629242e-02
4.736743494868278503e-02
2.885336801409721375e-02
1.767610572278499603e-02
2.394285425543785095e-02
2.804251015186309814e-02
2.416311949491500854e-02
1.162806712090969086e-02
3.829981014132499695e-02
2.470591478049755096e-02
3.356141597032546997e-02
1.712020486593246460e-02
1.397584937512874603e-02
3.348831832408905029e-02
2.636677585542201996e-02
2.258988283574581146e-02
2.390595339238643646e-02
1.891232281923294067e-02
1.619231328368186951e-02
2.081576548516750336e-02
2.236384712159633636e-02
1.952565275132656097e-02
1.567460224032402039e-02
1.659592241048812866e-02
3.406681120395660400e-02
2.349917218089103699e-02
2.809184789657592773e-02
1.845824718475341797e-02
3.234817087650299072e-02
1.367368362843990326e-02
2.399555966258049011e-02
2.752287685871124268e-02
2.313407137989997864e-02
2.340168878436088562e-02
3.426782786846160889e-02
1.726874709129333496e-02
3.049464337527751923e-02
2.094332501292228699e-02
2.488696575164794922e-02
1.368393562734127045e-02
3.649150580167770386e-02
2.916563302278518677e-02
2.980334684252738953e-02
1.869016885757446289e-02
3.070749342441558838e-02
2.567135542631149292e-02
2.197409234941005707e-02
3.101830743253231049e-02
1.274536550045013428e-02
3.857336938381195068e-02
2.007957920432090759e-02
1.843111589550971985e-02
2.436978369951248169e-02
2.065553516149520874e-02
2.845776826143264771e-02
1.973266154527664185e-02
2.313771843910217285e-02
2.163266763091087341e-02
2.329452708363533020e-02
2.286313474178314209e-02
2.452661097049713135e-02
2.105085179209709167e-02
1.510294340550899506e-02
2.682974562048912048e-02
2.783966064453125000e-02
2.774646505713462830e-02
1.971393637359142303e-02
2.281516790390014648e-02
4.783708974719047546e-02
1.654466614127159119e-02
1.945450901985168457e-02
1.748838834464550018e-02
1.758172176778316498e-02
2.124646864831447601e-02
2.447118982672691345e-02
1.454081013798713684e-02
2.237160131335258484e-02
2.430018596351146698e-02
3.409185260534286499e-02
3.091669455170631409e-02
2.727842144668102264e-02
1.438922062516212463e-02
1.886798441410064697e-02
2.268533408641815186e-02
1.719027385115623474e-02
1.965343020856380463e-02
3.028020262718200684e-02
2.623858302831649780e-02
1.632659323513507843e-02
3.301209211349487305e-02
2.101409062743186951e-02
2.449747174978256226e-02
1.756107620894908905e-02
2.356407791376113892e-02
2.549198642373085022e-02
1.545584946870803833e-02
3.063412010669708252e-02
3.045649826526641846e-02
2.064538560807704926e-02
2.592512592673301697e-02
2.979541942477226257e-02
2.912524342536926270e-02
1.091097947210073471e-02
1.389577426016330719e-02
2.733912691473960876e-02
2.026687189936637878e-02
3.082223795354366302e-02
2.480977028608322144e-02
3.382828459143638611e-02
1.335676573216915131e-02
2.507009916007518768e-02
2.984321676194667816e-02
2.453661523759365082e-02
2.576994523406028748e-02
1.306879334151744843e-02
1.592362113296985626e-02
2.625644765794277191e-02
2.869512513279914856e-02
3.362634032964706421e-02
2.479986846446990967e-02
2.380254678428173065e-02
2.240516990423202515e-02
1.313215494155883789e-02
2.063325047492980957e-02
3.994539007544517517e-02
2.187506109476089478e-02
3.310929983854293823e-02
2.043185383081436157e-02
2.940441668033599854e-02
1.623688638210296631e-02
1.576311141252517700e-02
2.386093139648437500e-02
1.401436980813741684e-02
2.664717100560665131e-02
1.417482830584049225e-02
1.231246441602706909e-02
2.129603736102581024e-02
2.894898876547813416e-02
2.216771803796291351e-02
2.778492495417594910e-02
2.018766663968563080e-02
2.401256375014781952e-02
2.379867061972618103e-02
1.816471666097640991e-02
1.064991485327482224e-02
2.506222389638423920e-02
2.356198802590370178e-02
2.678051404654979706e-02
1.889733225107192993e-02
2.624912187457084656e-02
2.921389602124691010e-02
2.270529046654701233e-02
1.719398424029350281e-02
2.012174949049949646e-02
2.475072070956230164e-02
2.604409866034984589e-02
2.395899221301078796e-02
3.072541952133178711e-02
3.298517689108848572e-02
2.914243564009666443e-02
2.041086554527282715e-02
1.519195176661014557e-02
1.589391753077507019e-02
1.257807388901710510e-02
1.595900021493434906e-02
2.371197752654552460e-02
2.147048339247703552e-02
3.247579559683799744e-02
1.909423805773258209e-02
1.838007941842079163e-02
3.088261000812053680e-02
2.711525559425354004e-02
2.760285697877407074e-02
1.057802885770797729e-02
1.655545085668563843e-02
2.582861110568046570e-02
2.037563920021057129e-02
2.047735452651977539e-02
2.592989429831504822e-02
2.328724786639213562e-02
2.019377052783966064e-02
2.543142065405845642e-02
1.961722597479820251e-02
2.754229307174682617e-02
2.010063081979751587e-02
2.580417692661285400e-02
4.286455363035202026e-02
1.441056095063686371e-02
3.829993307590484619e-02
2.960024029016494751e-02
1.896875724196434021e-02
2.717038616538047791e-02
2.913359366357326508e-02
1.751777902245521545e-02
3.341192379593849182e-02
1.485345326364040375e-02
3.012454323470592499e-02
1.535506825894117355e-02
3.336429595947265625e-02
1.683888956904411316e-02
1.816941425204277039e-02
3.155750036239624023e-02
2.052073553204536438e-02
1.620900630950927734e-02
1.825042441487312317e-02
1.976683363318443298e-02
1.887718960642814636e-02
3.628546744585037231e-02
2.689800783991813660e-02
2.959813922643661499e-02
2.410556375980377197e-02
1.711214147508144379e-02
1.218335330486297607e-02
2.344956062734127045e-02
2.816643938422203064e-02
2.094820141792297363e-02
3.205778449773788452e-02
2.402605675160884857e-02
1.669989153742790222e-02
2.135490998625755310e-02
2.808845043182373047e-02
1.847065053880214691e-02
1.846277527511119843e-02
1.195626333355903625e-02
1.366132497787475586e-02
2.994788996875286102e-02
2.159152925014495850e-02
3.018656931817531586e-02
2.433566562831401825e-02
2.194996178150177002e-02
2.677973732352256775e-02
2.558565139770507812e-02
1.814874261617660522e-02
1.832378283143043518e-02
2.084895968437194824e-02
2.406726777553558350e-02
1.806479506194591522e-02
3.722441941499710083e-02
1.876792870461940765e-02
2.282071672379970551e-02
1.893529109656810760e-02
1.815563440322875977e-02
3.497962653636932373e-02
2.855598926544189453e-02
2.831337973475456238e-02
2.369402721524238586e-02
2.335565537214279175e-02
1.640716940164566040e-02
1.785770244896411896e-02
1.581681147217750549e-02
4.151340946555137634e-02
3.630966693162918091e-02
3.498511016368865967e-02
2.626368030905723572e-02
1.587579399347305298e-02
1.875070855021476746e-02
3.058299422264099121e-02
1.571777276694774628e-02
1.969300583004951477e-02
2.168448828160762787e-02
1.881120167672634125e-02
2.437649667263031006e-02
2.415781840682029724e-02
1.863461546599864960e-02
2.554821595549583435e-02
3.678127378225326538e-02
2.650861069560050964e-02
2.183281630277633667e-02
2.687666378915309906e-02
1.743654720485210419e-02
2.412561327219009399e-02
3.623171895742416382e-02
1.803329959511756897e-02
2.773219905793666840e-02
1.402865350246429443e-02
1.488378830254077911e-02
2.717985771596431732e-02
2.937673032283782959e-02
2.142837643623352051e-02
2.864089608192443848e-02
2.376509271562099457e-02
1.892474666237831116e-02
2.195560000836849213e-02
1.534579321742057800e-02
3.071945905685424805e-02
2.694255113601684570e-02
2.944016456604003906e-02
2.267042174935340881e-02
2.272250875830650330e-02
2.266575023531913757e-02
2.950346283614635468e-02
2.477983012795448303e-02
1.474916562438011169e-02
2.462695538997650146e-02
2.716542594134807587e-02
2.017950639128684998e-02
2.200127765536308289e-02
2.351151965558528900e-02
2.965392731130123138e-02
2.105332538485527039e-02
1.966592669486999512e-02
1.570436730980873108e-02
1.538798119872808456e-02
4.839541763067245483e-02
3.147824108600616455e-02
3.774398192763328552e-02
2.019122242927551270e-02
2.741153538227081299e-02
2.230923622846603394e-02
2.676511369645595551e-02
1.813574507832527161e-02
2.142740599811077118e-02
1.984897069633007050e-02
1.269442960619926453e-02
1.529204845428466797e-02
1.286043785512447357e-02
2.284069918096065521e-02
2.685681357979774475e-02
1.424589287489652634e-02
2.211549878120422363e-02
2.581771835684776306e-02
2.052248083055019379e-02
1.874237135052680969e-02
2.117375656962394714e-02
1.950597576797008514e-02
3.495550528168678284e-02
2.283000946044921875e-02
2.710436843335628510e-02
1.965636014938354492e-02
2.939527854323387146e-02
1.501203328371047974e-02
2.562025189399719238e-02
1.131522655487060547e-02
1.412581279873847961e-02
2.010008692741394043e-02
2.329417131841182709e-02
4.283947870135307312e-02
2.224468812346458435e-02
2.645600400865077972e-02
3.321305289864540100e-02
2.534182369709014893e-02
2.297937124967575073e-02
3.401971980929374695e-02
3.343787789344787598e-02
1.713565178215503693e-02
2.178726904094219208e-02
2.586805820465087891e-02
2.481416426599025726e-02
2.640230953693389893e-02
2.851233631372451782e-02
3.307313844561576843e-02
1.309865713119506836e-02
2.098939381539821625e-02
1.435661595314741135e-02
2.153456024825572968e-02
1.254484243690967560e-02
1.429373770952224731e-02
1.957650110125541687e-02
1.780986599624156952e-02
2.522921189665794373e-02
2.871233224868774414e-02
2.945682033896446228e-02
3.419920802116394043e-02
2.162613533437252045e-02
1.344667747616767883e-02
3.704535216093063354e-02
1.650146022439002991e-02
2.584682032465934753e-02
1.160716824233531952e-02
2.292625419795513153e-02
1.341475453227758408e-02
1.377614773809909821e-02
3.453463315963745117e-02
2.123832330107688904e-02
2.397448942065238953e-02
4.086017236113548279e-02
1.724008843302726746e-02
2.048723399639129639e-02
1.976626366376876831e-02
1.991190761327743530e-02
1.519670244306325912e-02
2.951555699110031128e-02
1.012065820395946503e-02
2.960165962576866150e-02
2.095830254256725311e-02
2.032282203435897827e-02
1.662277244031429291e-02
8.355194702744483948e-03
2.526443079113960266e-02
2.468930743634700775e-02
4.502318426966667175e-02
2.042865008115768433e-02
3.645469993352890015e-02
2.239849418401718140e-02
2.844365499913692474e-02
3.256613016128540039e-02
1.440182887017726898e-02
3.111690841615200043e-02
2.902751788496971130e-02
2.439491078257560730e-02
1.667261123657226562e-02
2.396694943308830261e-02
2.942704781889915466e-02
1.678536832332611084e-02
1.694868505001068115e-02
2.160324715077877045e-02
1.947909593582153320e-02
2.070158347487449646e-02
2.752231433987617493e-02
1.991036348044872284e-02
2.137825265526771545e-02
1.026966795325279236e-02
1.101228781044483185e-02
2.857321314513683319e-02
2.487838268280029297e-02
2.231738716363906860e-02
2.593308314681053162e-02
2.573807351291179657e-02
2.589283138513565063e-02
1.264927070587873459e-02
1.221883203834295273e-02
2.353007718920707703e-02
1.976774446666240692e-02
3.081996366381645203e-02
1.932080090045928955e-02
1.021424308419227600e-02
1.812586560845375061e-02
2.135374210774898529e-02
2.874525636434555054e-02
2.224310487508773804e-02
2.669496461749076843e-02
1.217480376362800598e-02
2.172855660319328308e-02
3.102092817425727844e-02
2.303028851747512817e-02
1.820179447531700134e-02
1.936458423733711243e-02
4.074814915657043457e-02
2.723577618598937988e-02
1.457477733492851257e-02
2.249937132000923157e-02
1.311655342578887939e-02
1.911393180489540100e-02
2.883338183164596558e-02
1.927994750440120697e-02
3.006628155708312988e-02
3.061371110379695892e-02
3.820841014385223389e-02
2.844479307532310486e-02
3.831065818667411804e-02
1.266098208725452423e-02
2.214940451085567474e-02
1.988101750612258911e-02
1.458564214408397675e-02
2.498668991029262543e-02
1.682382822036743164e-02
2.460404299199581146e-02
1.599658466875553131e-02
1.620820164680480957e-02
2.601153776049613953e-02
3.033923171460628510e-02
2.203016728162765503e-02
1.855505071580410004e-02
3.331601619720458984e-02
2.605012059211730957e-02
1.972534880042076111e-02
2.540953084826469421e-02
2.153771184384822845e-02
2.236719988286495209e-02
2.566969208419322968e-02
2.851929888129234314e-02
1.399361342191696167e-02
1.750715821981430054e-02
3.534529358148574829e-02
2.201655320823192596e-02
7.631912827491760254e-03
2.324438840150833130e-02
2.314885705709457397e-02
1.618181727826595306e-02
1.743176206946372986e-02
1.049875095486640930e-02
2.040202543139457703e-02
2.253116667270660400e-02
1.781846955418586731e-02
1.837427169084548950e-02
2.106220088899135590e-02
2.819650992751121521e-02
2.877323329448699951e-02
2.663626894354820251e-02
3.547598049044609070e-02
2.129763923585414886e-02
3.229774907231330872e-02
2.326816134154796600e-02
2.000767365097999573e-02
2.444903180003166199e-02
3.124493360519409180e-02
2.140746265649795532e-02
1.732245832681655884e-02
1.826537027955055237e-02
1.792015507817268372e-02
1.732930168509483337e-02
2.914214506745338440e-02
2.716972492635250092e-02
1.822119578719139099e-02
1.844604313373565674e-02
2.337050810456275940e-02
2.422814629971981049e-02
2.779294177889823914e-02
3.573272377252578735e-02
3.980036079883575439e-02
3.240057826042175293e-02
2.016869559884071350e-02
2.006755769252777100e-02
2.711822837591171265e-02
2.593190036714076996e-02
2.803124487400054932e-02
2.059268951416015625e-02
1.358677074313163757e-02
1.812187582254409790e-02
1.767183281481266022e-02
2.840357646346092224e-02
1.922246813774108887e-02
1.799426786601543427e-02
2.945945411920547485e-02
1.278705894947052002e-02
2.664412185549736023e-02
1.225217990577220917e-02
3.059100918471813202e-02
2.036086097359657288e-02
3.490740433335304260e-02
1.604486629366874695e-02
1.076117902994155884e-02
2.945864759385585785e-02
1.978372782468795776e-02
1.731684431433677673e-02
2.595292590558528900e-02
1.966395042836666107e-02
1.868669129908084869e-02
2.416978776454925537e-02
2.913477085530757904e-02
1.206651329994201660e-02
2.056629024446010590e-02
2.504167519509792328e-02
3.382503986358642578e-02
3.180853277444839478e-02
1.619319245219230652e-02
1.858974993228912354e-02
2.469421550631523132e-02
3.441570699214935303e-02
2.537879347801208496e-02
1.769033446907997131e-02
1.791983656585216522e-02
1.986182481050491333e-02
1.929394528269767761e-02
2.177522890269756317e-02
2.986624091863632202e-02
2.550747059285640717e-02
1.209182292222976685e-02
1.319739967584609985e-02
3.923019394278526306e-02
2.280830964446067810e-02
1.692686043679714203e-02
3.217127546668052673e-02
1.613141596317291260e-02
3.073952905833721161e-02
2.072085067629814148e-02
2.859281003475189209e-02
3.798820078372955322e-02
2.428659424185752869e-02
1.524383109062910080e-02
1.594425737857818604e-02
2.873813733458518982e-02
2.953799627721309662e-02
2.218381129205226898e-02
2.823699638247489929e-02
1.932379603385925293e-02
3.377683460712432861e-02
1.342689525336027145e-02
2.941488288342952728e-02
2.975983545184135437e-02
2.464902400970458984e-02
1.811387948691844940e-02
1.784165017306804657e-02
2.359641157090663910e-02
2.576609700918197632e-02
2.693713083863258362e-02
2.871724590659141541e-02
2.951487898826599121e-02
1.957150176167488098e-02
2.291348576545715332e-02
1.241861283779144287e-02
2.681866846978664398e-02
2.903948724269866943e-02
2.404380217194557190e-02
3.403902053833007812e-02
2.630794607102870941e-02
1.529155205935239792e-02
1.637938991189002991e-02
2.853023819625377655e-02
1.874307729303836823e-02
1.120710931718349457e-02
1.683721505105495453e-02
7.355058100074529648e-03
1.889755576848983765e-02
1.560714095830917358e-02
2.255181595683097839e-02
2.700934931635856628e-02
2.332305535674095154e-02
1.904549077153205872e-02
3.669557720422744751e-02
2.648585103452205658e-02
3.151439130306243896e-02
1.574601791799068451e-02
1.880323886871337891e-02
1.362427603453397751e-02
1.785614155232906342e-02
1.765500195324420929e-02
2.360666356980800629e-02
1.765447668731212616e-02
2.687073871493339539e-02
1.764712855219841003e-02
1.952732168138027191e-02
2.082972601056098938e-02
2.348437905311584473e-02
2.271777763962745667e-02
2.165657095611095428e-02
1.624072901904582977e-02
1.552387326955795288e-02
1.050125248730182648e-02
2.229779027402400970e-02
2.024385333061218262e-02
2.754478901624679565e-02
4.333223029971122742e-02
3.600495308637619019e-02
2.898986451327800751e-02
3.048677742481231689e-02
2.212432399392127991e-02
9.358877316117286682e-03
2.140174806118011475e-02
1.972842775285243988e-02
2.774271368980407715e-02
1.177810039371252060e-02
2.331035211682319641e-02
1.985215023159980774e-02
2.675394341349601746e-02
1.744092628359794617e-02
2.352665364742279053e-02
1.736941561102867126e-02
2.960481308400630951e-02
2.504074946045875549e-02
2.589750289916992188e-02
2.816429361701011658e-02
2.690006420016288757e-02
2.076623588800430298e-02
2.182650193572044373e-02
2.009083144366741180e-02
1.310440525412559509e-02
1.824824325740337372e-02
1.926539652049541473e-02
2.753606811165809631e-02
2.692026272416114807e-02
2.683746069669723511e-02
2.125792950391769409e-02
2.469826862215995789e-02
1.966473832726478577e-02
1.867527887225151062e-02
2.231142483651638031e-02
1.130333449691534042e-02
1.998259127140045166e-02
2.707882598042488098e-02
1.967165805399417877e-02
1.493604388087987900e-02
3.305714204907417297e-02
1.401898823678493500e-02
1.550157368183135986e-02
3.441503271460533142e-02
2.154855057597160339e-02
1.383492629975080490e-02
2.191087417304515839e-02
2.417182736098766327e-02
2.075170539319515228e-02
2.750945091247558594e-02
1.959895715117454529e-02
1.138080470263957977e-02
2.167951688170433044e-02
3.849891945719718933e-02
2.956546470522880554e-02
2.891061455011367798e-02
2.983809076249599457e-02
2.662683092057704926e-02
1.788718998432159424e-02
2.983092516660690308e-02
2.896387502551078796e-02
2.263269200921058655e-02
2.436514757573604584e-02
1.923686452209949493e-02
1.584298536181449890e-02
2.146111428737640381e-02
2.275197766721248627e-02
1.845632307231426239e-02
4.250402003526687622e-02
2.122968435287475586e-02
2.293179184198379517e-02
3.068154305219650269e-02
1.840222626924514771e-02
2.284031175076961517e-02
2.775385789573192596e-02
2.268474549055099487e-02
2.030065283179283142e-02
2.342601679265499115e-02
2.320832014083862305e-02
2.172160707414150238e-02
2.515010908246040344e-02
2.502404525876045227e-02
3.397013247013092041e-02
1.813553273677825928e-02
1.634923741221427917e-02
2.291460894048213959e-02
2.470002323389053345e-02
2.119572833180427551e-02
1.149488799273967743e-02
2.183638513088226318e-02
1.528900116682052612e-02
3.542269021272659302e-02
3.171046078205108643e-02
9.224908426403999329e-03
1.710987836122512817e-02
1.034602615982294083e-02
1.249404810369014740e-02
2.400161325931549072e-02
2.189937047660350800e-02
2.963222190737724304e-02
2.099402621388435364e-02
2.796917967498302460e-02
1.927506551146507263e-02
1.745449751615524292e-02
3.342388570308685303e-02
2.465682849287986755e-02
3.280161321163177490e-02
3.041332960128784180e-02
1.757362857460975647e-02
2.645304426550865173e-02
1.804867945611476898e-02
2.211488783359527588e-02
1.522013358771800995e-02
1.639582216739654541e-02
2.343182824552059174e-02
1.968568563461303711e-02
2.423594519495964050e-02
3.563641011714935303e-02
2.104413136839866638e-02
2.028570324182510376e-02
1.822125539183616638e-02
1.592312566936016083e-02
1.072530075907707214e-02
1.764815114438533783e-02
2.183415554463863373e-02
3.249237313866615295e-02
1.101510133594274521e-02
1.058749295771121979e-02
2.025304362177848816e-02
2.814946696162223816e-02
1.659250818192958832e-02
3.170951455831527710e-02
1.933748833835124969e-02
2.347367070615291595e-02
2.016538381576538086e-02
1.328192185610532761e-02
2.906018495559692383e-02
2.081434987485408783e-02
2.232064306735992432e-02
2.356447838246822357e-02
2.175797894597053528e-02
3.078654967248439789e-02
2.712653391063213348e-02
1.843335479497909546e-02
1.892537996172904968e-02
3.184915706515312195e-02
2.315868437290191650e-02
2.311874553561210632e-02
2.168795466423034668e-02
3.531117737293243408e-02
1.109355594962835312e-02
2.222191914916038513e-02
1.809605583548545837e-02
1.206272002309560776e-02
2.281675115227699280e-02
1.724547520279884338e-02
2.386681735515594482e-02
1.947794295847415924e-02
2.705303393304347992e-02
1.124619226902723312e-02
1.394781842827796936e-02
3.150419890880584717e-02
1.378607563674449921e-02
2.443813905119895935e-02
1.811499148607254028e-02
2.749224752187728882e-02
2.863953076303005219e-02
1.906680688261985779e-02
1.887871511280536652e-02
1.275644451379776001e-02
1.614413037896156311e-02
2.188392728567123413e-02
3.905044868588447571e-02
2.558050677180290222e-02
1.634844392538070679e-02
2.372957766056060791e-02
2.682546898722648621e-02
1.534410845488309860e-02
1.587888970971107483e-02
2.572562545537948608e-02
1.547553762793540955e-02
1.619706675410270691e-02
1.805936545133590698e-02
1.990998908877372742e-02
2.391366660594940186e-02
3.948677331209182739e-02
2.591220103204250336e-02
1.938531361520290375e-02
2.203721553087234497e-02
3.634876385331153870e-02
1.376026123762130737e-02
2.745588496327400208e-02
1.658343523740768433e-02
1.887670345604419708e-02
1.680648326873779297e-02
3.715984523296356201e-02
2.732695639133453369e-02
1.436825376003980637e-02
2.761471830308437347e-02
2.998108975589275360e-02
1.982534676790237427e-02
1.797403395175933838e-02
1.784178614616394043e-02
1.283152401447296143e-02
2.237808331847190857e-02
2.596558630466461182e-02
1.684255152940750122e-02
2.065866440534591675e-02
2.800850570201873779e-02
1.038092561066150665e-02
2.605709247291088104e-02
1.555103808641433716e-02
3.359302878379821777e-02
1.342423539608716965e-02
2.762516401708126068e-02
1.907270401716232300e-02
2.345687150955200195e-02
2.488746866583824158e-02
3.463491797447204590e-02
1.110181491822004318e-02
1.380553282797336578e-02
3.084158524870872498e-02
1.581209152936935425e-02
1.170054264366626740e-02
2.687574923038482666e-02
3.586227819323539734e-02
1.609229855239391327e-02
2.824088931083679199e-02
1.825264096260070801e-02
1.622043922543525696e-02
2.531424164772033691e-02
3.266730532050132751e-02
3.261978179216384888e-02
1.916244253516197205e-02
2.403701096773147583e-02
2.059825509786605835e-02
2.209034189581871033e-02
1.571479253470897675e-02
2.162453904747962952e-02
2.518029510974884033e-02
2.851882949471473694e-02
1.287038438022136688e-02
1.470443885773420334e-02
2.392947673797607422e-02
1.973795518279075623e-02
1.889993622899055481e-02
2.779700979590415955e-02
2.041792497038841248e-02
1.617185026407241821e-02
2.074510231614112854e-02
2.302630804479122162e-02
3.243021294474601746e-02
2.359885536134243011e-02
2.201007120311260223e-02
2.528577111661434174e-02
1.597120985388755798e-02
2.047647349536418915e-02
2.669679746031761169e-02
3.566658124327659607e-02
2.383744530379772186e-02
2.710832655429840088e-02
1.769908890128135681e-02
1.827059127390384674e-02
3.587305545806884766e-02
1.664533466100692749e-02
1.097122393548488617e-02
2.397255413234233856e-02
2.128546498715877533e-02
2.237783186137676239e-02
2.168387174606323242e-02
1.796173304319381714e-02
1.736802235245704651e-02
2.179562859237194061e-02
2.386921271681785583e-02
1.546269655227661133e-02
2.253724262118339539e-02
2.618032321333885193e-02
2.937795780599117279e-02
2.149717882275581360e-02
8.580456487834453583e-03
1.889535412192344666e-02
2.217405848205089569e-02
1.422584801912307739e-02
2.622380666434764862e-02
1.774958148598670959e-02
2.379710972309112549e-02
1.920197904109954834e-02
2.358433604240417480e-02
1.496287714689970016e-02
1.597568206489086151e-02
2.161973528563976288e-02
2.326158061623573303e-02
3.275473415851593018e-02
1.774115860462188721e-02
1.322946883738040924e-02
2.686026319861412048e-02
3.150654956698417664e-02
2.242657355964183807e-02
2.025509998202323914e-02
2.697855792939662933e-02
9.490203112363815308e-03
2.652617357671260834e-02
1.884889602661132812e-02
2.395381592214107513e-02
2.012033574283123016e-02
2.178253792226314545e-02
1.130929589271545410e-02
1.624503359198570251e-02
2.211503311991691589e-02
3.447249531745910645e-02
1.391954161226749420e-02
2.310262247920036316e-02
2.805728837847709656e-02
2.925068512558937073e-02
2.350242435932159424e-02
1.237581204622983932e-02
2.862608060240745544e-02
2.504112385213375092e-02
3.524467349052429199e-02
2.645387127995491028e-02
2.098354324698448181e-02
1.870144903659820557e-02
1.337478123605251312e-02
1.743254810571670532e-02
2.456294000148773193e-02
2.709176018834114075e-02
2.233633957803249359e-02
2.991062030196189880e-02
2.435093186795711517e-02
1.615341380238533020e-02
2.652774378657341003e-02
1.897987350821495056e-02
2.065687999129295349e-02
2.725526690483093262e-02
3.371179103851318359e-02
1.558180432766675949e-02
3.021568059921264648e-02
1.857724785804748535e-02
2.468319050967693329e-02
1.461611967533826828e-02
2.762536332011222839e-02
9.696584194898605347e-03
2.382697723805904388e-02
2.518377825617790222e-02
2.356420457363128662e-02
2.750508487224578857e-02
1.657195575535297394e-02
1.538047194480895996e-02
3.251540660858154297e-02
1.621393486857414246e-02
1.805222406983375549e-02
1.861019618809223175e-02
2.229185402393341064e-02
1.962522044777870178e-02
2.276696823537349701e-02
2.846065163612365723e-02
1.770513504743576050e-02
1.212812960147857666e-02
2.426708862185478210e-02
1.453981176018714905e-02
1.215064339339733124e-02
1.586761884391307831e-02
2.666791528463363647e-02
2.430155500769615173e-02
1.417130883783102036e-02
2.228531055152416229e-02
2.692965418100357056e-02
1.250878721475601196e-02
1.215284317731857300e-02
2.053267322480678558e-02
3.497445583343505859e-02
2.310830913484096527e-02
2.749022096395492554e-02
1.802112907171249390e-02
9.787833318114280701e-03
2.809490822255611420e-02
1.976514235138893127e-02
1.640312373638153076e-02
2.102850936353206635e-02
2.420562505722045898e-02
2.060220390558242798e-02
2.714566141366958618e-02
1.391218416392803192e-02
7.457111030817031860e-03
2.519652992486953735e-02
1.791765540838241577e-02
1.746349595487117767e-02
2.408958040177822113e-02
2.231939695775508881e-02
1.695295982062816620e-02
1.819214969873428345e-02
1.368704438209533691e-02
1.581642217934131622e-02
1.234586350619792938e-02
1.240751519799232483e-02
2.144682407379150391e-02
2.256471663713455200e-02
2.571432664990425110e-02
2.779741585254669189e-02
1.953589171171188354e-02
1.717546209692955017e-02
1.376280467957258224e-02
1.335559599101543427e-02
1.690325886011123657e-02
1.251368504017591476e-02
2.837226912379264832e-02
1.885707676410675049e-02
2.546161971986293793e-02
2.206782996654510498e-02
3.839471191167831421e-02
2.633154951035976410e-02
3.305815532803535461e-02
3.120876848697662354e-02
2.664179913699626923e-02
1.978328265249729156e-02
3.004638850688934326e-02
1.943655870854854584e-02
1.820591092109680176e-02
2.427981793880462646e-02
3.653044626116752625e-02
3.462637960910797119e-02
2.691966108977794647e-02
3.234850615262985229e-02
1.459957193583250046e-02
2.599509060382843018e-02
2.733936160802841187e-02
2.608899585902690887e-02
1.562293432652950287e-02
1.231706142425537109e-02
1.869669742882251740e-02
1.508500240743160248e-02
3.187854215502738953e-02
2.440356276929378510e-02
1.383569650352001190e-02
1.524681597948074341e-02
1.749436557292938232e-02
1.333020534366369247e-02
9.595595300197601318e-03
2.067980356514453888e-02
2.231942117214202881e-02
2.220040187239646912e-02
2.678878605365753174e-02
2.048338018357753754e-02
9.245624765753746033e-03
1.490173488855361938e-02
2.613771706819534302e-02
1.991184614598751068e-02
1.390898134559392929e-02
2.382060512900352478e-02
3.027258813381195068e-02
1.332521997392177582e-02
1.151524484157562256e-02
1.923290267586708069e-02
2.033867873251438141e-02
1.669297367334365845e-02
2.237509936094284058e-02
1.762980408966541290e-02
2.847089990973472595e-02
1.137932669371366501e-02
2.354660257697105408e-02
3.056849353015422821e-02
1.600603573024272919e-02
1.936704479157924652e-02
9.335409849882125854e-03
1.965290680527687073e-02
2.559703588485717773e-02
1.117342710494995117e-02
1.681218482553958893e-02
2.925537526607513428e-02
2.720203064382076263e-02
2.775309979915618896e-02
3.391064330935478210e-02
1.643826067447662354e-02
1.893403567373752594e-02
2.991452813148498535e-02
2.423784136772155762e-02
2.089152857661247253e-02
3.108407929539680481e-02
1.225266885012388229e-02
2.467538416385650635e-02
2.275605127215385437e-02
2.147223055362701416e-02
2.725270204246044159e-02
1.528300903737545013e-02
1.553684473037719727e-02
2.026138827204704285e-02
1.622674241662025452e-02
1.931760087609291077e-02
2.160739153623580933e-02
3.746286779642105103e-02
2.255656197667121887e-02
3.792982921004295349e-02
2.668508514761924744e-02
1.885075122117996216e-02
2.544469200074672699e-02
1.997182890772819519e-02
2.341857552528381348e-02
1.957569271326065063e-02
1.288874447345733643e-02
2.728946320712566376e-02
1.438671536743640900e-02
1.913862675428390503e-02
1.582038030028343201e-02
1.031609717756509781e-02
1.432879827916622162e-02
2.539823018014431000e-02
2.438680082559585571e-02
1.991713605821132660e-02
1.841916516423225403e-02
2.222126349806785583e-02
2.060474269092082977e-02
2.037855796515941620e-02
1.297582872211933136e-02
3.350831940770149231e-02
1.518905721604824066e-02
2.062169089913368225e-02
2.881478890776634216e-02
2.147758379578590393e-02
2.985176071524620056e-02
1.303942315280437469e-02
1.595529541373252869e-02
1.914238184690475464e-02
1.466186717152595520e-02
2.028718963265419006e-02
2.369438111782073975e-02
1.635326445102691650e-02
2.199088037014007568e-02
2.822170779109001160e-02
1.626314222812652588e-02
2.647260949015617371e-02
2.690795063972473145e-02
2.376944571733474731e-02
1.531673222780227661e-02
1.706313341856002808e-02
2.467461489140987396e-02
1.392802596092224121e-02
1.681196689605712891e-02
1.970292255282402039e-02
2.843661233782768250e-02
1.900098659098148346e-02
1.769831404089927673e-02
2.192152664065361023e-02
2.941055595874786377e-02
2.337478660047054291e-02
2.952789328992366791e-02
1.322294771671295166e-02
9.581446647644042969e-03
1.426776871085166931e-02
2.823725342750549316e-02
4.272787272930145264e-02
2.781720459461212158e-02
2.797279320657253265e-02
2.547570131719112396e-02
1.574978418648242950e-02
2.498408406972885132e-02
1.831551641225814819e-02
2.400067076086997986e-02
1.547164656221866608e-02
2.614828012883663177e-02
2.819266170263290405e-02
1.702474057674407959e-02
1.668572053313255310e-02
2.122911810874938965e-02
2.414613589644432068e-02
2.496726438403129578e-02
2.447688207030296326e-02
1.984822005033493042e-02
1.853458210825920105e-02
1.309843920171260834e-02
2.133183740079402924e-02
1.779628358781337738e-02
2.689535915851593018e-02
3.349133580923080444e-02
2.536641806364059448e-02
1.487682946026325226e-02
1.860758662223815918e-02
1.626698113977909088e-02
3.439360857009887695e-02
3.289145231246948242e-02
2.037437632679939270e-02
1.985526829957962036e-02
2.071990445256233215e-02
2.372965775430202484e-02
1.566713117063045502e-02
2.085050009191036224e-02
3.352191671729087830e-02
1.595253869891166687e-02
1.339583843946456909e-02
1.378004904836416245e-02
1.987869851291179657e-02
2.340938523411750793e-02
1.565563492476940155e-02
2.745852433145046234e-02
3.165750205516815186e-02
1.738045178353786469e-02
1.935088634490966797e-02
2.808412536978721619e-02
2.276996895670890808e-02
1.720983348786830902e-02
1.762137189507484436e-02
2.881823107600212097e-02
2.574800513684749603e-02
1.401747297495603561e-02
1.488358341157436371e-02
2.030069008469581604e-02
1.860619150102138519e-02
1.700688153505325317e-02
2.312807738780975342e-02
2.723588049411773682e-02
3.597398102283477783e-02
1.536748372018337250e-02
1.417687349021434784e-02
2.031089179217815399e-02
1.958000287413597107e-02
1.624621637165546417e-02
2.326255664229393005e-02
2.041766606271266937e-02
1.560467761009931564e-02
3.084535524249076843e-02
2.114855870604515076e-02
1.035972125828266144e-02
1.282918732613325119e-02
2.397665753960609436e-02
2.038154751062393188e-02
1.409521978348493576e-02
1.686180941760540009e-02
2.511820755898952484e-02
2.383950911462306976e-02
2.172474935650825500e-02
1.556489896029233932e-02
1.977653242647647858e-02
2.160505577921867371e-02
1.908376440405845642e-02
1.911541633307933807e-02
1.148561947047710419e-02
1.190320402383804321e-02
2.378475666046142578e-02
1.822864264249801636e-02
1.495432667434215546e-02
1.727623865008354187e-02
2.907988987863063812e-02
2.277481183409690857e-02
2.970124408602714539e-02
1.894738338887691498e-02
3.261298686265945435e-02
1.103130355477333069e-02
1.503589004278182983e-02
1.783421263098716736e-02
2.724910899996757507e-02
2.298104390501976013e-02
3.204507753252983093e-02
1.606463454663753510e-02
1.723340898752212524e-02
2.666456624865531921e-02
2.609150670468807220e-02
1.326739042997360229e-02
3.416031599044799805e-02
2.090752869844436646e-02
2.500697784125804901e-02
2.654643356800079346e-02
2.253724262118339539e-02
1.684360392391681671e-02
1.795772463083267212e-02
2.160726301372051239e-02
1.820146292448043823e-02
2.644044533371925354e-02
2.398188970983028412e-02
9.083725512027740479e-03
2.647707238793373108e-02
2.111179940402507782e-02
2.072718553245067596e-02
1.406476460397243500e-02
2.638838440179824829e-02
2.018068730831146240e-02
1.990551315248012543e-02
2.084410749375820160e-02
1.942336373031139374e-02
2.715708129107952118e-02
3.380365669727325439e-02
2.327790483832359314e-02
2.156241796910762787e-02
1.138676609843969345e-02
1.481423806399106979e-02
2.394040301442146301e-02
2.096869610249996185e-02
2.399413846433162689e-02
1.643607951700687408e-02
1.843841001391410828e-02
2.090456709265708923e-02
1.215849630534648895e-02
1.902104169130325317e-02
3.105301223695278168e-02
1.622536778450012207e-02
1.875330135226249695e-02
3.677945584058761597e-02
2.180856466293334961e-02
2.980306558310985565e-02
1.347489841282367706e-02
1.043699588626623154e-02
2.160554751753807068e-02
1.035647466778755188e-02
2.160330489277839661e-02
1.581236347556114197e-02
2.593968808650970459e-02
1.693402044475078583e-02
2.308555319905281067e-02
2.133035659790039062e-02
1.896872371435165405e-02
2.706234902143478394e-02
