1.036758571863174438e-01
6.177003309130668640e-02
6.448994576930999756e-02
6.962390244007110596e-02
1.019946709275245667e-01
6.408604979515075684e-02
9.274408221244812012e-02
5.621781945228576660e-02
6.513431668281555176e-02
6.478632986545562744e-02
4.300697147846221924e-02
5.143830552697181702e-02
6.639678031206130981e-02
6.330556422472000122e-02
6.290075927972793579e-02
6.392189115285873413e-02
4.481349512934684753e-02
4.395395144820213318e-02
5.257013440132141113e-02
6.332551687955856323e-02
7.400954514741897583e-02
4.886183887720108032e-02
5.519954487681388855e-02
3.215021267533302307e-02
5.267871543765068054e-02
5.312819778919219971e-02
5.758103728294372559e-02
4.517493769526481628e-02
4.697930067777633667e-02
4.685449227690696716e-02
4.625985398888587952e-02
3.983000665903091431e-02
6.011348962783813477e-02
6.037743762135505676e-02
4.483072832226753235e-02
3.645500913262367249e-02
4.484453797340393066e-02
3.584335371851921082e-02
4.005486145615577698e-02
3.484351187944412231e-02
5.343950167298316956e-02
4.744405671954154968e-02
3.950346261262893677e-02
3.785139322280883789e-02
3.780781105160713196e-02
3.450193256139755249e-02
2.422122657299041748e-02
3.380066901445388794e-02
3.807080537080764771e-02
3.953997790813446045e-02
4.394315555691719055e-02
4.176571592688560486e-02
5.102568492293357849e-02
4.231227561831474304e-02
2.061278931796550751e-02
3.499879688024520874e-02
2.167454175651073456e-02
2.972890436649322510e-02
2.519343420863151550e-02
4.521029815077781677e-02
3.490617126226425171e-02
2.855289354920387268e-02
1.900815032422542572e-02
3.018860891461372375e-02
2.633735537528991699e-02
3.279679641127586365e-02
3.100700676441192627e-02
3.228437528014183044e-02
2.266891300678253174e-02
2.669760584831237793e-02
3.172889351844787598e-02
4.238675534725189209e-02
3.233953192830085754e-02
2.276241220533847809e-02
3.484053164720535278e-02
3.659491986036300659e-02
2.879011258482933044e-02
3.224584460258483887e-02
2.993377111852169037e-02
4.227442666888237000e-02
2.741405367851257324e-02
3.008452430367469788e-02
3.073199093341827393e-02
3.581067174673080444e-02
3.712107613682746887e-02
2.976749092340469360e-02
3.415243327617645264e-02
2.427416853606700897e-02
2.752176858484745026e-02
2.673237025737762451e-02
4.197294637560844421e-02
3.574429824948310852e-02
2.445035241544246674e-02
2.715130522847175598e-02
2.972596697509288788e-02
3.777999803423881531e-02
3.414059430360794067e-02
2.743225358426570892e-02
4.781256243586540222e-02
2.941591106355190277e-02
2.585192397236824036e-02
3.144659847021102905e-02
3.507966920733451843e-02
2.055819146335124969e-02
2.745590545237064362e-02
5.514012649655342102e-02
2.472754940390586853e-02
2.046520635485649109e-02
2.524755522608757019e-02
2.253978885710239410e-02
2.720453217625617981e-02
2.499047480523586273e-02
2.595962584018707275e-02
4.768072068691253662e-02
4.074537381529808044e-02
2.976611256599426270e-02
4.261919856071472168e-02
3.677559643983840942e-02
2.717895619571208954e-02
2.520307339727878571e-02
4.536859691143035889e-02
2.534573711454868317e-02
3.162699565291404724e-02
3.304786980152130127e-02
2.750574424862861633e-02
2.515599876642227173e-02
2.147668413817882538e-02
4.078853875398635864e-02
3.550703451037406921e-02
2.966714650392532349e-02
3.243425115942955017e-02
4.470049217343330383e-02
3.601605445146560669e-02
2.177532762289047241e-02
2.829263545572757721e-02
2.807660959661006927e-02
2.017772570252418518e-02
2.820769697427749634e-02
2.900913357734680176e-02
2.164201438426971436e-02
3.885500133037567139e-02
3.231938928365707397e-02
3.885614126920700073e-02
3.393023088574409485e-02
2.026922814548015594e-02
4.615559428930282593e-02
2.180608920753002167e-02
1.645947992801666260e-02
1.420840434730052948e-02
3.207134455442428589e-02
3.372011706233024597e-02
3.224850818514823914e-02
3.030410595238208771e-02
3.186550363898277283e-02
2.084274590015411377e-02
2.251374348998069763e-02
3.281279653310775757e-02
2.466592937707901001e-02
3.311459720134735107e-02
3.300462290644645691e-02
3.484553471207618713e-02
3.511599823832511902e-02
4.946738108992576599e-02
1.602090708911418915e-02
2.300266362726688385e-02
3.602699562907218933e-02
1.398042589426040649e-02
1.873426511883735657e-02
2.613656409084796906e-02
2.236269600689411163e-02
3.690137341618537903e-02
2.613801136612892151e-02
3.112592734396457672e-02
2.282577939331531525e-02
1.780545338988304138e-02
2.872032858431339264e-02
2.450181171298027039e-02
2.340874262154102325e-02
2.403694950044155121e-02
2.939771115779876709e-02
3.462990745902061462e-02
3.708098456263542175e-02
2.727640233933925629e-02
2.798897959291934967e-02
2.533708699047565460e-02
2.319265529513359070e-02
2.099537849426269531e-02
2.920098230242729187e-02
2.822510898113250732e-02
3.761332109570503235e-02
2.736458741128444672e-02
2.476936951279640198e-02
2.312312088906764984e-02
2.455015294253826141e-02
1.897996105253696442e-02
2.573560178279876709e-02
3.099282644689083099e-02
2.840476110577583313e-02
1.566060818731784821e-02
2.338001132011413574e-02
3.733114153146743774e-02
3.559808433055877686e-02
1.941725797951221466e-02
1.712027750909328461e-02
1.974014751613140106e-02
2.476923726499080658e-02
2.855378016829490662e-02
3.440263494849205017e-02
2.413450740277767181e-02
2.210743725299835205e-02
3.175242990255355835e-02
2.426713891327381134e-02
1.797293685376644135e-02
2.930234186351299286e-02
4.076415672898292542e-02
3.611769154667854309e-02
2.615586854517459869e-02
2.124972641468048096e-02
3.464430198073387146e-02
2.066962420940399170e-02
1.755029521882534027e-02
3.831704705953598022e-02
3.654898330569267273e-02
2.890413627028465271e-02
4.563978314399719238e-02
2.355200052261352539e-02
3.046506457030773163e-02
4.849673807621002197e-02
2.499376609921455383e-02
3.362199291586875916e-02
2.410830184817314148e-02
2.270560152828693390e-02
2.131254412233829498e-02
1.990717649459838867e-02
5.541662871837615967e-02
2.641363069415092468e-02
2.954793907701969147e-02
2.829323150217533112e-02
2.433021552860736847e-02
3.178910911083221436e-02
2.395619079470634460e-02
2.213257923722267151e-02
3.452923148870468140e-02
1.878222078084945679e-02
2.035901136696338654e-02
2.760983817279338837e-02
3.111074492335319519e-02
3.672652691602706909e-02
4.231153801083564758e-02
2.547247335314750671e-02
1.798100210726261139e-02
2.378196828067302704e-02
2.109083533287048340e-02
2.380702644586563110e-02
3.660392016172409058e-02
3.068552352488040924e-02
1.874436624348163605e-02
2.300149388611316681e-02
2.032015658915042877e-02
2.353530935943126678e-02
2.346256747841835022e-02
2.800068072974681854e-02
3.818742558360099792e-02
2.134104445576667786e-02
3.035839460790157318e-02
2.999907359480857849e-02
1.973511464893817902e-02
2.174704708158969879e-02
2.982347644865512848e-02
3.414494544267654419e-02
3.152479231357574463e-02
3.307853639125823975e-02
1.622858643531799316e-02
2.180451340973377228e-02
3.978486359119415283e-02
2.636778727173805237e-02
2.400038018822669983e-02
3.697307780385017395e-02
2.158869616687297821e-02
2.816229127347469330e-02
4.205121472477912903e-02
3.013902343809604645e-02
2.896174415946006775e-02
2.269643172621726990e-02
1.536562293767929077e-02
3.519862145185470581e-02
1.424094010144472122e-02
2.401056513190269470e-02
3.008810803294181824e-02
3.092945739626884460e-02
3.549835085868835449e-02
2.609135396778583527e-02
2.996258996427059174e-02
1.595042087137699127e-02
3.535076603293418884e-02
3.221559897065162659e-02
1.568034291267395020e-02
3.235198929905891418e-02
1.808082871139049530e-02
3.897074982523918152e-02
3.076449967920780182e-02
2.639991790056228638e-02
3.450279682874679565e-02
1.988380216062068939e-02
1.948630250990390778e-02
2.252035774290561676e-02
3.237568214535713196e-02
1.964569091796875000e-02
3.391216695308685303e-02
2.450735121965408325e-02
2.364149503409862518e-02
2.340337261557579041e-02
3.023012168705463409e-02
2.665062062442302704e-02
1.707263477146625519e-02
4.320898652076721191e-02
2.475539967417716980e-02
3.450600430369377136e-02
2.167882211506366730e-02
1.385698281228542328e-02
2.569979615509510040e-02
2.913023345172405243e-02
2.945903874933719635e-02
2.808630466461181641e-02
2.017029002308845520e-02
2.707109972834587097e-02
1.683718897402286530e-02
2.525978907942771912e-02
1.579835265874862671e-02
3.484200313687324524e-02
2.640897594392299652e-02
2.978047728538513184e-02
3.117769211530685425e-02
1.792372576892375946e-02
3.061863593757152557e-02
3.006512112915515900e-02
2.235984243452548981e-02
2.090020850300788879e-02
2.254136838018894196e-02
3.046785295009613037e-02
2.354594320058822632e-02
2.690274454653263092e-02
1.946229301393032074e-02
2.257374674081802368e-02
2.266039513051509857e-02
2.070702984929084778e-02
2.430225349962711334e-02
2.583380788564682007e-02
2.431235276162624359e-02
2.479110471904277802e-02
3.700263053178787231e-02
1.626763865351676941e-02
2.855361625552177429e-02
3.758345544338226318e-02
2.136496827006340027e-02
2.379471994936466217e-02
2.071588858962059021e-02
3.202858567237854004e-02
3.345302492380142212e-02
2.382692880928516388e-02
2.403573691844940186e-02
2.856047824025154114e-02
3.752468898892402649e-02
2.520162798464298248e-02
4.445070028305053711e-02
2.349323220551013947e-02
2.672298811376094818e-02
2.818393707275390625e-02
3.425475582480430603e-02
4.424241930246353149e-02
3.061984479427337646e-02
2.201703563332557678e-02
2.568531595170497894e-02
3.112954646348953247e-02
2.344480901956558228e-02
2.086383476853370667e-02
1.939043216407299042e-02
1.928424462676048279e-02
4.005097970366477966e-02
2.132223173975944519e-02
2.573464065790176392e-02
1.897458173334598541e-02
2.249699644744396210e-02
2.369093336164951324e-02
2.187301032245159149e-02
2.398815937340259552e-02
2.139082178473472595e-02
8.697787299752235413e-03
2.596870996057987213e-02
1.458513177931308746e-02
2.873027697205543518e-02
3.009529970586299896e-02
2.589881047606468201e-02
4.302763938903808594e-02
3.443847969174385071e-02
2.846884541213512421e-02
2.558046020567417145e-02
2.790634520351886749e-02
2.197023853659629822e-02
1.922720111906528473e-02
2.906237542629241943e-02
3.951724991202354431e-02
2.166222967207431793e-02
2.329784631729125977e-02
2.351385727524757385e-02
2.913351729512214661e-02
2.634639479219913483e-02
3.024856373667716980e-02
1.839120499789714813e-02
2.805702947080135345e-02
2.940995246171951294e-02
3.657557815313339233e-02
3.710311651229858398e-02
2.688066661357879639e-02
2.814950235188007355e-02
2.237281948328018188e-02
2.616209350526332855e-02
2.689672634005546570e-02
3.474776074290275574e-02
2.996300160884857178e-02
4.123433679342269897e-02
2.818631008267402649e-02
2.388666570186614990e-02
1.561715174466371536e-02
3.351214528083801270e-02
2.983672916889190674e-02
2.024077624082565308e-02
2.069903723895549774e-02
2.302995696663856506e-02
1.421802863478660583e-02
2.830439433455467224e-02
1.959365792572498322e-02
2.139643765985965729e-02
2.182980068027973175e-02
3.677764907479286194e-02
2.224086597561836243e-02
2.980171516537666321e-02
2.268477715551853180e-02
1.776184700429439545e-02
2.560008317232131958e-02
1.193003449589014053e-02
1.114293467253446579e-02
1.918045990169048309e-02
3.957502543926239014e-02
4.559231922030448914e-02
3.456395864486694336e-02
3.228975832462310791e-02
2.201410755515098572e-02
2.538684941828250885e-02
4.027234017848968506e-02
2.562321349978446960e-02
2.768087014555931091e-02
1.967368833720684052e-02
2.368636243045330048e-02
1.450032461434602737e-02
2.686318568885326385e-02
1.491775736212730408e-02
1.909328065812587738e-02
2.525299787521362305e-02
2.466701157391071320e-02
2.633380517363548279e-02
2.014124020934104919e-02
3.325787186622619629e-02
3.719172254204750061e-02
2.995554171502590179e-02
2.408904023468494415e-02
2.861842326819896698e-02
2.068709395825862885e-02
2.414481528103351593e-02
2.289175428450107574e-02
2.311228774487972260e-02
3.497219085693359375e-02
2.044683881103992462e-02
1.644278503954410553e-02
2.504903078079223633e-02
3.157826140522956848e-02
2.613609097898006439e-02
2.584111690521240234e-02
2.783010713756084442e-02
2.169737964868545532e-02
2.928370796144008636e-02
2.352187037467956543e-02
2.719456516206264496e-02
1.929922588169574738e-02
2.616367675364017487e-02
3.404430299997329712e-02
3.043815121054649353e-02
3.965127468109130859e-02
2.018497884273529053e-02
2.722979523241519928e-02
2.315413951873779297e-02
3.402404859662055969e-02
1.706194132566452026e-02
1.879804395139217377e-02
2.078928798437118530e-02
2.497795969247817993e-02
2.110001631081104279e-02
1.813580282032489777e-02
2.966883219778537750e-02
2.229153923690319061e-02
3.933237120509147644e-02
2.029241248965263367e-02
3.768490627408027649e-02
2.931507304310798645e-02
1.605075970292091370e-02
3.739446029067039490e-02
2.702422067523002625e-02
2.177570015192031860e-02
1.933804526925086975e-02
2.657834440469741821e-02
2.055775001645088196e-02
2.586317807435989380e-02
2.552784420549869537e-02
1.910241879522800446e-02
2.164501696825027466e-02
2.034786902368068695e-02
3.151495754718780518e-02
3.603301569819450378e-02
1.730947755277156830e-02
3.165660426020622253e-02
3.365128114819526672e-02
2.549194544553756714e-02
1.617487333714962006e-02
2.134989574551582336e-02
3.451064601540565491e-02
1.384887006133794785e-02
2.758199349045753479e-02
2.906237356364727020e-02
3.393926098942756653e-02
2.482543699443340302e-02
2.284897305071353912e-02
3.977271169424057007e-02
1.981869712471961975e-02
2.400443889200687408e-02
4.326466098427772522e-02
2.882340364158153534e-02
2.572401426732540131e-02
2.217901870608329773e-02
1.705553010106086731e-02
3.332580253481864929e-02
2.625393867492675781e-02
2.557402290403842926e-02
2.472724020481109619e-02
4.563510790467262268e-02
3.944987431168556213e-02
2.248358167707920074e-02
2.155963703989982605e-02
2.686961367726325989e-02
1.906011998653411865e-02
1.592325791716575623e-02
2.045553550124168396e-02
1.141427177935838699e-02
2.101070992648601532e-02
2.806525491178035736e-02
1.406744588166475296e-02
2.305888757109642029e-02
2.967249229550361633e-02
2.528529241681098938e-02
2.866673283278942108e-02
3.478734940290451050e-02
2.259397692978382111e-02
2.552025578916072845e-02
2.711364068090915680e-02
1.871031709015369415e-02
1.800029352307319641e-02
1.829648017883300781e-02
3.303360939025878906e-02
2.698780223727226257e-02
3.762155398726463318e-02
1.897107809782028198e-02
1.666520535945892334e-02
2.146882936358451843e-02
2.676538564264774323e-02
3.289129585027694702e-02
2.367349527776241302e-02
2.452149800956249237e-02
2.378967031836509705e-02
2.361560612916946411e-02
1.925423368811607361e-02
2.265104651451110840e-02
3.168546780943870544e-02
2.683742344379425049e-02
2.320487797260284424e-02
2.280797436833381653e-02
4.088280349969863892e-02
1.828878745436668396e-02
2.800418809056282043e-02
2.587199397385120392e-02
1.725864782929420471e-02
2.095052227377891541e-02
2.793503366410732269e-02
2.979556284844875336e-02
2.851706743240356445e-02
2.285217866301536560e-02
3.133596479892730713e-02
1.998630352318286896e-02
3.265172615647315979e-02
2.916429005563259125e-02
2.771417610347270966e-02
1.848993264138698578e-02
1.707612723112106323e-02
3.041481785476207733e-02
3.252920880913734436e-02
1.812209561467170715e-02
3.957526758313179016e-02
1.854049973189830780e-02
1.597259379923343658e-02
1.820447668433189392e-02
2.560235373675823212e-02
2.503557316958904266e-02
2.122681215405464172e-02
3.278411924839019775e-02
2.071146480739116669e-02
2.621833421289920807e-02
2.319214679300785065e-02
1.877221465110778809e-02
2.412955462932586670e-02
2.486412227153778076e-02
2.096491679549217224e-02
2.912019751965999603e-02
2.361549995839595795e-02
4.150553420186042786e-02
2.384264580905437469e-02
2.115083299577236176e-02
1.917970739305019379e-02
1.987780444324016571e-02
3.399574384093284607e-02
1.495132967829704285e-02
3.562951087951660156e-02
2.441231720149517059e-02
2.499490976333618164e-02
3.028361685574054718e-02
2.451288327574729919e-02
1.698196865618228912e-02
2.736867591738700867e-02
3.137998282909393311e-02
1.924977451562881470e-02
1.908607780933380127e-02
2.555733919143676758e-02
3.118341229856014252e-02
2.427233569324016571e-02
1.607469841837882996e-02
3.112272731959819794e-02
2.207422442734241486e-02
2.555306069552898407e-02
3.407191857695579529e-02
2.304616011679172516e-02
2.585136145353317261e-02
2.514572069048881531e-02
3.555159270763397217e-02
4.294329136610031128e-02
2.337603643536567688e-02
2.242432907223701477e-02
1.619412004947662354e-02
3.118568845093250275e-02
2.756672911345958710e-02
1.812017709016799927e-02
2.451947890222072601e-02
1.907288283109664917e-02
2.089131437242031097e-02
2.212679944932460785e-02
1.399021688848733902e-02
5.036304891109466553e-02
2.272399887442588806e-02
2.393840439617633820e-02
2.714823000133037567e-02
1.079456787556409836e-02
3.301043435931205750e-02
2.714200317859649658e-02
1.990483514964580536e-02
2.319713681936264038e-02
3.098275139927864075e-02
2.697684057056903839e-02
2.288357727229595184e-02
2.063179761171340942e-02
2.387770079076290131e-02
2.721559815108776093e-02
1.169951912015676498e-02
2.073148079216480255e-02
2.807553485035896301e-02
3.132772073149681091e-02
2.089864388108253479e-02
2.490901574492454529e-02
1.966802589595317841e-02
2.095482312142848969e-02
1.818235963582992554e-02
4.283143952488899231e-02
2.869577147066593170e-02
2.033990435302257538e-02
3.159683942794799805e-02
1.992762647569179535e-02
2.616726793348789215e-02
2.402092702686786652e-02
2.962132915854454041e-02
1.694195531308650970e-02
2.556067146360874176e-02
2.239587716758251190e-02
1.160149276256561279e-02
2.605327963829040527e-02
1.946768723428249359e-02
1.518197171390056610e-02
2.510021068155765533e-02
3.075930289924144745e-02
2.748587168753147125e-02
3.145750984549522400e-02
1.391402352601289749e-02
1.468806061893701553e-02
3.175876289606094360e-02
1.501785498112440109e-02
3.129594400525093079e-02
3.010596521198749542e-02
2.495551481842994690e-02
2.235066331923007965e-02
2.554064430296421051e-02
3.630588576197624207e-02
2.599534578621387482e-02
3.529813140630722046e-02
4.275091364979743958e-02
1.140435226261615753e-02
2.139531634747982025e-02
3.974300250411033630e-02
3.867304697632789612e-02
2.730719186365604401e-02
3.644043207168579102e-02
2.480433322489261627e-02
2.711518295109272003e-02
2.319115772843360901e-02
1.979990676045417786e-02
2.563200145959854126e-02
1.955081149935722351e-02
2.372151240706443787e-02
3.040429949760437012e-02
1.456882338970899582e-02
1.930302567780017853e-02
1.300835795700550079e-02
2.410318329930305481e-02
3.550246357917785645e-02
1.876976341009140015e-02
2.594190090894699097e-02
1.706862822175025940e-02
1.633993163704872131e-02
2.840767614543437958e-02
2.621082030236721039e-02
3.068621456623077393e-02
2.198632247745990753e-02
3.245630115270614624e-02
1.479049120098352432e-02
2.767108380794525146e-02
2.703197486698627472e-02
1.822692528367042542e-02
3.303410485386848450e-02
3.659756854176521301e-02
2.142897807061672211e-02
2.462629228830337524e-02
1.609824597835540771e-02
2.812152728438377380e-02
2.602329663932323456e-02
3.477547317743301392e-02
3.963230550289154053e-02
2.681044489145278931e-02
2.352423220872879028e-02
3.003776445984840393e-02
1.704210788011550903e-02
2.677129954099655151e-02
1.672354526817798615e-02
2.107305265963077545e-02
2.861965075135231018e-02
2.382638491690158844e-02
2.324079908430576324e-02
1.976126246154308319e-02
2.901706285774707794e-02
1.971803978085517883e-02
1.874881796538829803e-02
2.803310565650463104e-02
2.175351977348327637e-02
1.893243193626403809e-02
2.306346595287322998e-02
1.688734441995620728e-02
2.104442939162254333e-02
1.602442003786563873e-02
1.626976951956748962e-02
1.999483071267604828e-02
2.483768574893474579e-02
1.552552450448274612e-02
2.699952386319637299e-02
1.951713114976882935e-02
1.824572682380676270e-02
1.384157128632068634e-02
1.963994279503822327e-02
1.769183017313480377e-02
2.498938702046871185e-02
2.559178322553634644e-02
3.788326680660247803e-02
3.323211148381233215e-02
3.413774818181991577e-02
1.932630501687526703e-02
2.813183143734931946e-02
2.704481594264507294e-02
2.893640846014022827e-02
2.556777559220790863e-02
1.183377485722303391e-02
2.920063212513923645e-02
4.004601016640663147e-02
3.911669552326202393e-02
2.937473542988300323e-02
2.116710878908634186e-02
3.053972497582435608e-02
2.213167026638984680e-02
3.186626359820365906e-02
2.953219600021839142e-02
2.964251302182674408e-02
2.250444144010543823e-02
2.086141705513000488e-02
3.017924353480339050e-02
2.263409271836280823e-02
3.082669712603092194e-02
2.862186916172504425e-02
3.182575851678848267e-02
1.451111678034067154e-02
1.815028674900531769e-02
3.748505190014839172e-02
2.095966413617134094e-02
3.318000212311744690e-02
1.976487413048744202e-02
2.277325838804244995e-02
2.790469489991664886e-02
2.446305006742477417e-02
1.404288411140441895e-02
3.507484868168830872e-02
2.528278343379497528e-02
2.345881052315235138e-02
2.317346818745136261e-02
3.269449621438980103e-02
8.084644377231597900e-02
2.087585441768169403e-02
2.535184472799301147e-02
1.482668425887823105e-02
2.108958922326564789e-02
3.615627065300941467e-02
1.666389219462871552e-02
2.706773206591606140e-02
1.694062724709510803e-02
2.617345936596393585e-02
2.556512318551540375e-02
2.892783656716346741e-02
2.180673554539680481e-02
2.513415180146694183e-02
2.918053977191448212e-02
2.980422042310237885e-02
2.877123095095157623e-02
1.453245151787996292e-02
2.848030067980289459e-02
2.933819964528083801e-02
1.441477239131927490e-02
1.802742481231689453e-02
2.620995976030826569e-02
1.793104596436023712e-02
1.533310022205114365e-02
2.914275042712688446e-02
1.490865088999271393e-02
4.335889220237731934e-02
2.578021585941314697e-02
1.925771869719028473e-02
3.181730583310127258e-02
2.853919006884098053e-02
1.450101379305124283e-02
2.793719805777072906e-02
3.497826308012008667e-02
2.667846344411373138e-02
2.027461677789688110e-02
2.316370233893394470e-02
2.971155196428298950e-02
2.628381736576557159e-02
2.389009483158588409e-02
2.434509061276912689e-02
3.177171200513839722e-02
2.722204662859439850e-02
3.004042059183120728e-02
2.217467129230499268e-02
4.196278750896453857e-02
1.811267808079719543e-02
2.113326266407966614e-02
1.795318722724914551e-02
1.845826767385005951e-02
2.421614713966846466e-02
2.246375195682048798e-02
1.473992969840764999e-02
2.633180283010005951e-02
2.747511677443981171e-02
2.745501510798931122e-02
2.066077291965484619e-02
1.745693199336528778e-02
1.452009845525026321e-02
4.465745389461517334e-02
3.167069703340530396e-02
1.563433930277824402e-02
2.327977120876312256e-02
2.552858553826808929e-02
1.616659015417098999e-02
3.583468869328498840e-02
2.891104109585285187e-02
2.214618399739265442e-02
5.100396648049354553e-02
1.740548014640808105e-02
1.997484453022480011e-02
2.338567003607749939e-02
2.766840904951095581e-02
2.265906706452369690e-02
2.116935886442661285e-02
2.066982723772525787e-02
3.300977870821952820e-02
2.284997142851352692e-02
1.061362028121948242e-02
2.594404108822345734e-02
2.832151390612125397e-02
2.891860716044902802e-02
2.937125042080879211e-02
1.905819773674011230e-02
1.951021328568458557e-02
1.444316934794187546e-02
2.814687229692935944e-02
2.535227686166763306e-02
3.707730397582054138e-02
1.684373989701271057e-02
2.552394010126590729e-02
2.200688235461711884e-02
3.015477582812309265e-02
2.489533647894859314e-02
2.861901931464672089e-02
2.868318185210227966e-02
2.208175137639045715e-02
2.240181714296340942e-02
2.363636717200279236e-02
2.617741003632545471e-02
2.292530238628387451e-02
2.218021079897880554e-02
3.096092119812965393e-02
2.962657064199447632e-02
2.341986633837223053e-02
2.323559671640396118e-02
2.693239599466323853e-02
3.979022055864334106e-02
2.069858089089393616e-02
2.207452245056629181e-02
2.192267030477523804e-02
3.244402259588241577e-02
2.488909102976322174e-02
2.138546109199523926e-02
2.431896142661571503e-02
1.960277184844017029e-02
2.083042450249195099e-02
2.004511095583438873e-02
2.642122097313404083e-02
1.886912994086742401e-02
1.639411039650440216e-02
3.064856491982936859e-02
2.317639440298080444e-02
2.418159879744052887e-02
3.992814570665359497e-02
1.650774478912353516e-02
3.275782987475395203e-02
2.682683803141117096e-02
2.235454693436622620e-02
2.822587825357913971e-02
2.475466765463352203e-02
2.676085196435451508e-02
2.113434113562107086e-02
2.444091252982616425e-02
2.062574215233325958e-02
2.341697923839092255e-02
1.808106712996959686e-02
1.527434028685092926e-02
2.078708074986934662e-02
2.710750512778759003e-02
3.204784542322158813e-02
3.140202164649963379e-02
2.012490667402744293e-02
3.778928145766258240e-02
2.876124531030654907e-02
3.697530180215835571e-02
2.692130021750926971e-02
1.243091560900211334e-02
2.591118402779102325e-02
2.234827168285846710e-02
1.522753294557332993e-02
1.899502426385879517e-02
2.067464776337146759e-02
2.597963437438011169e-02
2.033207193017005920e-02
7.431052625179290771e-03
1.838941872119903564e-02
3.345246985554695129e-02
2.196867577731609344e-02
2.014478482306003571e-02
1.755971275269985199e-02
2.534617483615875244e-02
2.524999529123306274e-02
2.640715986490249634e-02
1.969894208014011383e-02
3.394236043095588684e-02
3.765439614653587341e-02
1.202516444027423859e-02
2.445826120674610138e-02
1.858556084334850311e-02
2.361086383461952209e-02
3.049684874713420868e-02
8.507255464792251587e-03
1.630339026451110840e-02
2.544717118144035339e-02
2.008935995399951935e-02
3.154484555125236511e-02
1.279935892671346664e-02
2.391422912478446960e-02
2.281722426414489746e-02
2.114621177315711975e-02
2.167476713657379150e-02
2.132922038435935974e-02
3.332388773560523987e-02
2.872999757528305054e-02
1.719415187835693359e-02
2.267016842961311340e-02
1.711769588291645050e-02
2.636859007179737091e-02
1.692483387887477875e-02
3.492683917284011841e-02
2.413959614932537079e-02
2.603719010949134827e-02
4.642654582858085632e-02
3.026764467358589172e-02
2.485321462154388428e-02
2.841122820973396301e-02
1.513703912496566772e-02
1.316907908767461777e-02
1.283472403883934021e-02
2.927055023610591888e-02
1.456295046955347061e-02
2.609213255345821381e-02
2.472274377942085266e-02
3.159338980913162231e-02
2.276856824755668640e-02
1.793050020933151245e-02
2.389922365546226501e-02
2.415169030427932739e-02
3.112893551588058472e-02
1.871759258210659027e-02
2.413638867437839508e-02
2.506597340106964111e-02
3.060184977948665619e-02
2.271367236971855164e-02
3.236686810851097107e-02
4.206708446145057678e-02
3.106582164764404297e-02
2.824332751333713531e-02
1.962987333536148071e-02
2.723515033721923828e-02
1.910372450947761536e-02
1.838184148073196411e-02
1.611161418259143829e-02
1.448065601289272308e-02
2.899897098541259766e-02
2.527282945811748505e-02
1.958100870251655579e-02
2.421306259930133820e-02
2.012507803738117218e-02
3.369918838143348694e-02
2.259042486548423767e-02
4.153408110141754150e-02
3.164780512452125549e-02
3.410791233181953430e-02
1.862132176756858826e-02
1.264171209186315536e-02
1.531243510544300079e-02
2.774644829332828522e-02
2.931212820112705231e-02
2.195767313241958618e-02
2.223937027156352997e-02
2.409337647259235382e-02
2.405805140733718872e-02
2.540835924446582794e-02
1.758043281733989716e-02
2.384943887591362000e-02
3.399400413036346436e-02
1.774736307561397552e-02
2.769587934017181396e-02
1.749257743358612061e-02
3.064981661736965179e-02
3.742085769772529602e-02
3.029369004070758820e-02
3.015775978565216064e-02
2.110191248357295990e-02
1.560558751225471497e-02
3.832679614424705505e-02
8.458051830530166626e-03
1.797528192400932312e-02
3.413419798016548157e-02
2.003422938287258148e-02
2.209622785449028015e-02
2.078852988779544830e-02
1.724985241889953613e-02
1.565956138074398041e-02
2.217514999210834503e-02
1.647599600255489349e-02
1.889101229608058929e-02
2.535152435302734375e-02
2.726439014077186584e-02
2.737803012132644653e-02
4.553552716970443726e-02
1.234823185950517654e-02
3.186253458261489868e-02
2.717956900596618652e-02
1.692258752882480621e-02
4.230637848377227783e-02
1.704742200672626495e-02
1.768104918301105499e-02
2.519842982292175293e-02
2.858916483819484711e-02
2.551432140171527863e-02
2.426143549382686615e-02
2.263038791716098785e-02
2.334709465503692627e-02
2.622812613844871521e-02
3.330248966813087463e-02
3.246467188000679016e-02
3.012723289430141449e-02
2.270697057247161865e-02
1.482895947992801666e-02
2.575957961380481720e-02
1.801779866218566895e-02
1.886543445289134979e-02
1.667342893779277802e-02
1.376493927091360092e-02
1.819932833313941956e-02
4.015757143497467041e-02
3.155473992228507996e-02
3.015235066413879395e-02
1.680870726704597473e-02
2.266527898609638214e-02
3.034864366054534912e-02
2.879589423537254333e-02
2.193792909383773804e-02
1.258303504437208176e-02
2.136848121881484985e-02
2.238903194665908813e-02
1.805290579795837402e-02
2.340357378125190735e-02
1.587434671819210052e-02
1.673063822090625763e-02
1.984033919870853424e-02
2.564089559018611908e-02
3.804158419370651245e-02
2.584913186728954315e-02
2.906975895166397095e-02
2.829010784626007080e-02
1.747283712029457092e-02
1.679542660713195801e-02
2.148673497140407562e-02
1.473652478307485580e-02
1.921096071600914001e-02
2.774219214916229248e-02
2.255268022418022156e-02
2.673535980284214020e-02
1.896921731531620026e-02
2.768102288246154785e-02
4.687831178307533264e-02
1.310225483030080795e-02
3.256434202194213867e-02
2.668144553899765015e-02
3.226432576775550842e-02
2.601590938866138458e-02
3.772069141268730164e-02
3.130593150854110718e-02
2.216908521950244904e-02
1.698203012347221375e-02
1.728710904717445374e-02
3.474758565425872803e-02
2.265574224293231964e-02
2.185313217341899872e-02
2.259504795074462891e-02
2.177600748836994171e-02
2.435759827494621277e-02
3.191372379660606384e-02
1.553619001060724258e-02
1.938492059707641602e-02
3.369706869125366211e-02
2.062498219311237335e-02
2.503894083201885223e-02
2.976687066256999969e-02
1.668827794492244720e-02
2.028795704245567322e-02
9.975867345929145813e-03
1.393768750131130219e-02
2.635353989899158478e-02
2.385588549077510834e-02
1.430422160774469376e-02
2.397064492106437683e-02
2.072946168482303619e-02
2.113193646073341370e-02
2.559576928615570068e-02
1.365574821829795837e-02
2.310127019882202148e-02
3.553295880556106567e-02
1.901040039956569672e-02
1.691521331667900085e-02
1.549178361892700195e-02
2.809040620923042297e-02
2.544546686112880707e-02
1.758446916937828064e-02
2.420069277286529541e-02
3.091825172305107117e-02
2.947342395782470703e-02
1.962045766413211823e-02
1.598970592021942139e-02
3.946302086114883423e-02
3.005573712289333344e-02
2.961494401097297668e-02
2.526810951530933380e-02
3.129417076706886292e-02
2.160007506608963013e-02
2.387883514165878296e-02
3.098987042903900146e-02
1.682211458683013916e-02
3.405255824327468872e-02
2.655590884387493134e-02
2.125696279108524323e-02
2.728753723204135895e-02
3.264346346259117126e-02
2.034344151616096497e-02
2.491815201938152313e-02
1.539510767906904221e-02
3.144953027367591858e-02
2.125445008277893066e-02
2.272321842610836029e-02
2.866541594266891479e-02
3.620097786188125610e-02
3.269036859273910522e-02
2.379940077662467957e-02
1.798638887703418732e-02
2.611977607011795044e-02
2.105066552758216858e-02
2.270044386386871338e-02
2.736074477434158325e-02
2.381275407969951630e-02
4.926847293972969055e-02
2.313080243766307831e-02
2.596005797386169434e-02
2.354543469846248627e-02
2.562435716390609741e-02
2.543645538389682770e-02
3.302508220076560974e-02
2.075510844588279724e-02
3.133992478251457214e-02
2.244080416858196259e-02
2.289357036352157593e-02
1.524169649928808212e-02
2.868031151592731476e-02
2.853375859558582306e-02
2.710556983947753906e-02
2.465719543397426605e-02
2.057113498449325562e-02
1.717306114733219147e-02
2.226200886070728302e-02
2.152013033628463745e-02
2.754174359142780304e-02
2.004621177911758423e-02
2.032928541302680969e-02
1.704350858926773071e-02
3.198324143886566162e-02
1.851196400821208954e-02
1.679263636469841003e-02
1.838256232440471649e-02
1.040567457675933838e-02
2.262265607714653015e-02
2.431940846145153046e-02
2.894851565361022949e-02
1.844575442373752594e-02
1.929230801761150360e-02
3.082774206995964050e-02
3.693740442395210266e-02
2.780732698738574982e-02
2.455666661262512207e-02
4.861932992935180664e-02
1.662602275609970093e-02
1.723827794194221497e-02
2.327984943985939026e-02
2.116344496607780457e-02
2.414497919380664825e-02
2.605237439274787903e-02
2.452590130269527435e-02
2.463725581765174866e-02
2.918628975749015808e-02
2.132879756391048431e-02
3.067663870751857758e-02
2.331972494721412659e-02
2.420947700738906860e-02
2.603779360651969910e-02
1.470882631838321686e-02
1.466435473412275314e-02
2.044120430946350098e-02
2.465254999697208405e-02
1.817934773862361908e-02
3.327557817101478577e-02
2.724448777735233307e-02
2.843082509934902191e-02
2.948304452002048492e-02
1.735030300915241241e-02
3.882291167974472046e-02
3.270373865962028503e-02
2.893027476966381073e-02
2.658627182245254517e-02
1.409256923943758011e-02
1.563940569758415222e-02
1.506096590310335159e-02
1.464054826647043228e-02
3.529670089483261108e-02
1.358636841177940369e-02
2.253729663789272308e-02
3.735368326306343079e-02
3.453227877616882324e-02
3.999856859445571899e-02
1.981160789728164673e-02
2.077936939895153046e-02
3.215457499027252197e-02
3.471715375781059265e-02
1.338710729032754898e-02
3.214404731988906860e-02
1.856841519474983215e-02
2.525340765714645386e-02
2.767588756978511810e-02
2.473403699696063995e-02
2.149660512804985046e-02
1.389761921018362045e-02
2.255802974104881287e-02
2.421183884143829346e-02
2.436644770205020905e-02
1.866486296057701111e-02
1.516511943191289902e-02
4.873526841402053833e-02
2.484466508030891418e-02
1.081584207713603973e-02
2.003037370741367340e-02
2.707178145647048950e-02
3.528027608990669250e-02
1.849421299993991852e-02
2.300584129989147186e-02
2.718308195471763611e-02
2.359569817781448364e-02
2.287825383245944977e-02
1.504171080887317657e-02
1.859932206571102142e-02
2.988125383853912354e-02
1.913569681346416473e-02
1.455759722739458084e-02
2.096234634518623352e-02
2.728685177862644196e-02
8.136906661093235016e-03
1.536600664258003235e-02
2.238112874329090118e-02
2.965320087969303131e-02
3.497674316167831421e-02
2.405735291540622711e-02
2.653972432017326355e-02
1.997692510485649109e-02
2.859853953123092651e-02
2.349303849041461945e-02
2.423981390893459320e-02
3.102544322609901428e-02
2.387032657861709595e-02
1.916598156094551086e-02
1.897519454360008240e-02
2.353221550583839417e-02
3.293651342391967773e-02
1.773830130696296692e-02
2.650210261344909668e-02
2.158551290631294250e-02
1.767862215638160706e-02
2.255042083561420441e-02
2.249832078814506531e-02
2.155363745987415314e-02
2.190054394304752350e-02
2.551048249006271362e-02
1.768848113715648651e-02
2.085930481553077698e-02
2.324835211038589478e-02
3.893069177865982056e-02
2.938783168792724609e-02
1.555033866316080093e-02
3.066920489072799683e-02
3.594769537448883057e-02
1.992545276880264282e-02
3.394144773483276367e-02
1.752943918108940125e-02
2.523671090602874756e-02
1.996848173439502716e-02
2.148029580712318420e-02
2.126236073672771454e-02
2.185165137052536011e-02
2.269411832094192505e-02
2.060931362211704254e-02
2.123324945569038391e-02
1.359768863767385483e-02
1.252785697579383850e-02
2.344902232289314270e-02
2.648057229816913605e-02
2.980322949588298798e-02
3.033467382192611694e-02
2.312451787292957306e-02
2.722772583365440369e-02
2.606043405830860138e-02
3.731902688741683960e-02
3.211995959281921387e-02
3.186033666133880615e-02
1.972831599414348602e-02
2.272963151335716248e-02
1.519908476620912552e-02
4.369564354419708252e-02
1.790664158761501312e-02
2.738795615732669830e-02
1.807322911918163300e-02
2.111367136240005493e-02
1.102177146822214127e-02
2.574697136878967285e-02
1.991249620914459229e-02
2.808745764195919037e-02
2.058084495365619659e-02
2.745879255235195160e-02
2.580198831856250763e-02
2.040157280862331390e-02
2.422750368714332581e-02
1.861237175762653351e-02
2.633438631892204285e-02
2.019559219479560852e-02
2.310446649789810181e-02
1.348632387816905975e-02
1.452429965138435364e-02
1.345582306385040283e-02
9.309719316661357880e-03
2.481010369956493378e-02
2.307334914803504944e-02
1.862500049173831940e-02
3.477578982710838318e-02
1.352364011108875275e-02
3.513036668300628662e-02
3.307199478149414062e-02
1.877384260296821594e-02
3.528133407235145569e-02
2.959284931421279907e-02
1.493889000266790390e-02
2.016853541135787964e-02
1.316361501812934875e-02
3.562078252434730530e-02
2.767370827496051788e-02
2.649803273379802704e-02
2.833906374871730804e-02
2.215490303933620453e-02
3.399473056197166443e-02
1.794289797544479370e-02
2.602367475628852844e-02
3.115496598184108734e-02
2.023149095475673676e-02
2.564046904444694519e-02
2.127198502421379089e-02
2.878116071224212646e-02
3.228101506829261780e-02
2.622995898127555847e-02
2.950856834650039673e-02
3.745029866695404053e-02
1.239294931292533875e-02
1.930250227451324463e-02
3.409470245242118835e-02
3.234551846981048584e-02
2.407359890639781952e-02
2.440969459712505341e-02
2.439887076616287231e-02
1.483109593391418457e-02
2.466732822358608246e-02
2.390690892934799194e-02
2.982249669730663300e-02
2.054651826620101929e-02
2.460435405373573303e-02
1.249012351036071777e-02
2.801585011184215546e-02
1.632463559508323669e-02
2.317951619625091553e-02
4.130408912897109985e-02
1.568921655416488647e-02
1.762094348669052124e-02
1.423398684710264206e-02
2.449866384267807007e-02
1.721766777336597443e-02
1.521146204322576523e-02
2.739916555583477020e-02
1.751257851719856262e-02
1.580080203711986542e-02
3.169675171375274658e-02
2.604626677930355072e-02
2.093448117375373840e-02
1.321493089199066162e-02
1.592277362942695618e-02
2.187521196901798248e-02
2.974320575594902039e-02
2.171855047345161438e-02
1.888850331306457520e-02
1.927161030471324921e-02
2.465697191655635834e-02
1.887704245746135712e-02
1.352223381400108337e-02
2.054000273346900940e-02
3.471316769719123840e-02
3.589065745472908020e-02
1.384563557803630829e-02
2.074095048010349274e-02
2.948604151606559753e-02
2.675513550639152527e-02
2.144406363368034363e-02
2.296482771635055542e-02
2.434771135449409485e-02
2.721820957958698273e-02
1.347816735506057739e-02
2.589730918407440186e-02
3.523612394928932190e-02
3.449377045035362244e-02
3.519879654049873352e-02
1.936310157179832458e-02
2.578255347907543182e-02
1.406050845980644226e-02
2.474547550082206726e-02
2.294782362878322601e-02
2.710813097655773163e-02
2.989702299237251282e-02
3.339964896440505981e-02
2.935866639018058777e-02
1.751638390123844147e-02
2.793702483177185059e-02
3.493380174040794373e-02
1.389491185545921326e-02
3.342219442129135132e-02
2.621599100530147552e-02
2.235288359224796295e-02
2.119001932442188263e-02
2.744379453361034393e-02
1.787512935698032379e-02
2.967749908566474915e-02
3.112359158694744110e-02
1.346115767955780029e-02
3.886165097355842590e-02
2.588700689375400543e-02
2.566791325807571411e-02
2.501525357365608215e-02
2.025626227259635925e-02
8.726254105567932129e-03
2.372615411877632141e-02
2.775358967483043671e-02
2.263583429157733917e-02
1.743501797318458557e-02
1.777007430791854858e-02
2.122404985129833221e-02
1.804635301232337952e-02
2.995749004185199738e-02
3.023282252252101898e-02
2.744938246905803680e-02
2.937359735369682312e-02
3.065473027527332306e-02
3.140945732593536377e-02
2.271527051925659180e-02
2.996259741485118866e-02
2.109118551015853882e-02
2.635012939572334290e-02
9.481688961386680603e-03
2.861241251230239868e-02
2.407534606754779816e-02
1.959331892430782318e-02
2.123627066612243652e-02
1.957238093018531799e-02
2.147596515715122223e-02
3.255186229944229126e-02
1.471292879432439804e-02
3.269845619797706604e-02
1.525480765849351883e-02
2.192382887005805969e-02
1.466555707156658173e-02
3.520198166370391846e-02
1.398006267845630646e-02
3.340191766619682312e-02
1.829668134450912476e-02
2.547969855368137360e-02
3.367281705141067505e-02
2.708712965250015259e-02
2.713844925165176392e-02
1.576181314885616302e-02
2.300875075161457062e-02
1.301692053675651550e-02
1.857497356832027435e-02
5.780324339866638184e-02
1.630194671452045441e-02
1.939988322556018829e-02
2.421311289072036743e-02
1.424543652683496475e-02
1.973675936460494995e-02
1.978497207164764404e-02
4.105377569794654846e-02
2.354356832802295685e-02
1.217168103903532028e-02
1.577179878950119019e-02
1.939757727086544037e-02
2.284302935004234314e-02
2.183745987713336945e-02
4.278792068362236023e-02
2.606754004955291748e-02
1.914747431874275208e-02
1.564094610512256622e-02
2.777947485446929932e-02
2.491108514368534088e-02
2.708467282354831696e-02
3.185422345995903015e-02
1.992195099592208862e-02
2.881120331585407257e-02
2.593729645013809204e-02
2.037295140326023102e-02
1.413484010845422745e-02
1.947240158915519714e-02
2.400884218513965607e-02
1.656607724726200104e-02
2.258469350636005402e-02
2.563666179776191711e-02
3.265419602394104004e-02
2.115892246365547180e-02
2.010119147598743439e-02
1.938140206038951874e-02
2.425026893615722656e-02
1.656127721071243286e-02
4.715005308389663696e-02
2.230298705399036407e-02
2.437838166952133179e-02
2.416857518255710602e-02
2.496026083827018738e-02
2.467484027147293091e-02
1.487850770354270935e-02
2.832623384892940521e-02
1.633097603917121887e-02
2.402615733444690704e-02
2.996578626334667206e-02
2.824914827942848206e-02
2.009499818086624146e-02
2.096467092633247375e-02
3.189596906304359436e-02
2.220966853201389313e-02
1.791203208267688751e-02
1.282887347042560577e-02
1.452989876270294189e-02
2.435377426445484161e-02
3.090931288897991180e-02
1.648191362619400024e-02
2.826922759413719177e-02
2.002061530947685242e-02
1.552820950746536255e-02
1.100797764956951141e-02
3.536317870020866394e-02
2.128742262721061707e-02
1.943752914667129517e-02
2.728592045605182648e-02
4.753624647855758667e-02
2.902464941143989563e-02
1.784668490290641785e-02
2.411618269979953766e-02
2.821409702301025391e-02
2.433343976736068726e-02
1.179685536772012711e-02
3.846848383545875549e-02
2.487402409315109253e-02
3.373101726174354553e-02
1.729131676256656647e-02
1.414717826992273331e-02
3.365860134363174438e-02
2.653500996530056000e-02
2.275853790342807770e-02
2.407475747168064117e-02
1.908175647258758545e-02
1.636309921741485596e-02
2.098563499748706818e-02
2.253518812358379364e-02
1.969518326222896576e-02
1.584255695343017578e-02
1.676303707063198090e-02
3.423565626144409180e-02
2.366860210895538330e-02
2.826338633894920349e-02
1.863006688654422760e-02
3.252023458480834961e-02
1.384435594081878662e-02
2.416596934199333191e-02
2.769258059561252594e-02
2.330234088003635406e-02
2.357038296759128571e-02
3.443714976310729980e-02
1.743895001709461212e-02
3.066570870578289032e-02
2.111420035362243652e-02
2.505703270435333252e-02
1.385434623807668686e-02
3.666258975863456726e-02
2.933585271239280701e-02
2.997388690710067749e-02
1.886002905666828156e-02
3.087670542299747467e-02
2.584188058972358704e-02
2.214374393224716187e-02
3.118701465427875519e-02
1.291381474584341049e-02
3.874252364039421082e-02
2.024981938302516937e-02
1.860000565648078918e-02
2.453928440809249878e-02
2.082229405641555786e-02
2.862520143389701843e-02
1.989874988794326782e-02
2.330544590950012207e-02
2.179933153092861176e-02
2.346195094287395477e-02
2.302887290716171265e-02
2.469344809651374817e-02
2.121731452643871307e-02
1.527151092886924744e-02
2.699912898242473602e-02
2.800883725285530090e-02
2.791594527661800385e-02
1.988288201391696930e-02
2.298314869403839111e-02
4.800338298082351685e-02
1.670919172465801239e-02
1.961850188672542572e-02
1.765282824635505676e-02
1.774766482412815094e-02
2.141383104026317596e-02
2.463924139738082886e-02
1.470827125012874603e-02
2.253802493214607239e-02
2.446501702070236206e-02
3.425760939717292786e-02
3.108150511980056763e-02
2.744377590715885162e-02
1.455524656921625137e-02
1.903512142598628998e-02
2.284992299973964691e-02
1.735435053706169128e-02
1.981764100492000580e-02
3.044441156089305878e-02
2.640281245112419128e-02
1.649196818470954895e-02
3.317750245332717896e-02
2.117978036403656006e-02
2.466266229748725891e-02
1.772686466574668884e-02
2.372777648270130157e-02
2.565507590770721436e-02
1.562005281448364258e-02
3.079644776880741119e-02
3.062023594975471497e-02
2.080869302153587341e-02
2.608730271458625793e-02
2.995832636952400208e-02
2.928855270147323608e-02
1.107363589107990265e-02
1.405844837427139282e-02
2.750356681644916534e-02
2.043066360056400299e-02
3.098365478217601776e-02
2.497231401503086090e-02
3.398934006690979004e-02
1.351716928184032440e-02
2.523157745599746704e-02
3.000541217625141144e-02
2.470210380852222443e-02
2.593340538442134857e-02
1.323210448026657104e-02
1.608539000153541565e-02
2.641848661005496979e-02
2.885569632053375244e-02
3.378806635737419128e-02
2.496089786291122437e-02
2.396530099213123322e-02
2.256905846297740936e-02
1.329324580729007721e-02
2.079506590962409973e-02
4.010857641696929932e-02
2.203966677188873291e-02
3.327427804470062256e-02
2.059630677103996277e-02
2.956953644752502441e-02
1.639964058995246887e-02
1.592499203979969025e-02
2.402250468730926514e-02
1.417665928602218628e-02
2.681033872067928314e-02
1.433733850717544556e-02
1.247414853423833847e-02
2.145756036043167114e-02
2.911157160997390747e-02
2.232938073575496674e-02
2.794682234525680542e-02
2.034951001405715942e-02
2.417260408401489258e-02
2.395828813314437866e-02
1.832436583936214447e-02
1.080955471843481064e-02
2.522282116115093231e-02
2.372245118021965027e-02
2.694146148860454559e-02
1.905760169029235840e-02
2.640920132398605347e-02
2.937398478388786316e-02
2.286498248577117920e-02
1.735379546880722046e-02
2.028209716081619263e-02
2.491139620542526245e-02
2.620450221002101898e-02
2.411736734211444855e-02
3.088334761559963226e-02
3.314378857612609863e-02
2.930276468396186829e-02
2.057147771120071411e-02
1.535095274448394775e-02
1.605288498103618622e-02
1.273796334862709045e-02
1.611790060997009277e-02
2.387161739170551300e-02
2.162945643067359924e-02
3.263454511761665344e-02
1.925270259380340576e-02
1.853854954242706299e-02
3.103926964104175568e-02
2.727244608104228973e-02
2.776114270091056824e-02
1.073522679507732391e-02
1.671032048761844635e-02
2.598384022712707520e-02
2.053048834204673767e-02
2.063425257802009583e-02
2.608643285930156708e-02
2.344716899096965790e-02
2.035165578126907349e-02
2.558972314000129700e-02
1.977517083287239075e-02
2.770069427788257599e-02
2.025793306529521942e-02
2.596143446862697601e-02
4.302394017577171326e-02
1.456961408257484436e-02
3.845992684364318848e-02
2.976073883473873138e-02
1.912506669759750366e-02
2.732743322849273682e-02
2.929421700537204742e-02
1.767463237047195435e-02
3.357180207967758179e-02
1.501229312270879745e-02
3.028267621994018555e-02
1.551411394029855728e-02
3.352256864309310913e-02
1.699540019035339355e-02
1.832621172070503235e-02
3.171598166227340698e-02
2.067656442523002625e-02
1.636464335024356842e-02
1.840702444314956665e-02
1.992511004209518433e-02
1.903542317450046539e-02
3.644061088562011719e-02
2.705789543688297272e-02
2.975448407232761383e-02
2.426201477646827698e-02
1.726731099188327789e-02
1.234155613929033279e-02
2.360884845256805420e-02
2.832435630261898041e-02
2.110324241220951080e-02
3.221276402473449707e-02
2.417985722422599792e-02
1.685449108481407166e-02
2.150975354015827179e-02
2.824310772120952606e-02
1.862430013716220856e-02
1.861770451068878174e-02
1.211167126893997192e-02
1.381960883736610413e-02
3.010348230600357056e-02
2.174625545740127563e-02
3.034169413149356842e-02
2.448816783726215363e-02
2.210337482392787933e-02
2.693728357553482056e-02
2.574198320508003235e-02
1.830430142581462860e-02
1.847962848842144012e-02
2.100465074181556702e-02
2.422127872705459595e-02
1.821732334792613983e-02
3.738017007708549500e-02
1.892177201807498932e-02
2.297401428222656250e-02
1.908819377422332764e-02
1.830944791436195374e-02
3.513107821345329285e-02
2.870663627982139587e-02
2.846685983240604401e-02
2.384721487760543823e-02
2.350997179746627808e-02
1.656060479581356049e-02
1.801165193319320679e-02
1.596987619996070862e-02
4.166833683848381042e-02
3.646296635270118713e-02
3.513958305120468140e-02
2.642023190855979919e-02
1.603252254426479340e-02
1.890409179031848907e-02
3.074123337864875793e-02
1.587036438286304474e-02
1.984590105712413788e-02
2.183848991990089417e-02
1.896357908844947815e-02
2.453246526420116425e-02
2.431187219917774200e-02
1.879104040563106537e-02
2.570284903049468994e-02
3.693858906626701355e-02
2.666507475078105927e-02
2.198883704841136932e-02
2.703432366251945496e-02
1.759489998221397400e-02
2.428353577852249146e-02
3.639141097664833069e-02
1.818969659507274628e-02
2.788735739886760712e-02
1.418478228151798248e-02
1.503522973507642746e-02
2.733191847801208496e-02
2.952849492430686951e-02
2.157985791563987732e-02
2.879740111529827118e-02
2.391825616359710693e-02
1.907946541905403137e-02
2.210982702672481537e-02
1.549651101231575012e-02
3.087145276367664337e-02
2.709618955850601196e-02
2.959148399531841278e-02
2.282486483454704285e-02
2.287582680583000183e-02
2.282029762864112854e-02
2.965766191482543945e-02
2.493125572800636292e-02
1.489975303411483765e-02
2.477682940661907196e-02
2.731852047145366669e-02
2.033234201371669769e-02
2.215336076915264130e-02
2.366066165268421173e-02
2.980859950184822083e-02
2.120629325509071350e-02
1.981838792562484741e-02
1.585762016475200653e-02
1.554254908114671707e-02
4.854814708232879639e-02
3.163233771920204163e-02
3.789819031953811646e-02
2.034582942724227905e-02
2.756652235984802246e-02
2.246289327740669250e-02
2.692277170717716217e-02
1.828972063958644867e-02
2.157919481396675110e-02
2.000385895371437073e-02
1.284531969577074051e-02
1.544727943837642670e-02
1.301593612879514694e-02
2.299241721630096436e-02
2.700927667319774628e-02
1.439886819571256638e-02
2.227119915187358856e-02
2.596854418516159058e-02
2.067654207348823547e-02
1.889851316809654236e-02
2.133226208388805389e-02
1.966010779142379761e-02
3.511338680982589722e-02
2.298609167337417603e-02
2.726076543331146240e-02
1.980991847813129425e-02
2.955355867743492126e-02
1.516409125179052353e-02
2.577750198543071747e-02
1.146672107279300690e-02
1.427866891026496887e-02
2.025340311229228973e-02
2.345279790461063385e-02
4.299785941839218140e-02
2.239986695349216461e-02
2.661110647022724152e-02
3.336786478757858276e-02
2.549832873046398163e-02
2.313644997775554657e-02
3.417453914880752563e-02
3.359869495034217834e-02
1.729170978069305420e-02
2.194301411509513855e-02
2.602240629494190216e-02
2.496918290853500366e-02
2.656075917184352875e-02
2.866968885064125061e-02
3.322903811931610107e-02
1.325361430644989014e-02
2.114803157746791840e-02
1.451015472412109375e-02
2.168985642492771149e-02
1.269496884196996689e-02
1.444527599960565567e-02
1.973394863307476044e-02
1.796416565775871277e-02
2.538725174963474274e-02
2.886604517698287964e-02
2.961334027349948883e-02
3.435283899307250977e-02
2.178071066737174988e-02
1.359928213059902191e-02
3.720187395811080933e-02
1.665517687797546387e-02
2.600290626287460327e-02
1.176018733531236649e-02
2.308041043579578400e-02
1.356806606054306030e-02
1.392708811908960342e-02
3.468888998031616211e-02
2.139126323163509369e-02
2.412648126482963562e-02
4.101655632257461548e-02
1.739636436104774475e-02
2.064290829002857208e-02
1.992187462747097015e-02
2.006725966930389404e-02
1.534776482731103897e-02
2.966685034334659576e-02
1.027368847280740738e-02
2.975739352405071259e-02
2.111100405454635620e-02
2.047851122915744781e-02
1.677460595965385437e-02
8.504188619554042816e-03
2.541673369705677032e-02
2.484079264104366302e-02
4.517585784196853638e-02
2.058456651866436005e-02
3.661213442683219910e-02
2.255512773990631104e-02
2.859763801097869873e-02
3.272257372736930847e-02
1.455429289489984512e-02
3.127286955714225769e-02
2.918071672320365906e-02
2.454568445682525635e-02
1.682771183550357819e-02
2.412301674485206604e-02
2.958380058407783508e-02
1.694112084805965424e-02
1.709952950477600098e-02
2.175491116940975189e-02
1.963145099580287933e-02
2.085204608738422394e-02
2.767512947320938110e-02
2.006127126514911652e-02
2.152864821255207062e-02
1.042054686695337296e-02
1.116305030882358551e-02
2.872708812355995178e-02
2.503469027578830719e-02
2.247185260057449341e-02
2.608743682503700256e-02
2.589171938598155975e-02
2.604436501860618591e-02
1.279922015964984894e-02
1.236965507268905640e-02
2.368201129138469696e-02
1.991678588092327118e-02
3.097345866262912750e-02
1.947023160755634308e-02
1.036422234028577805e-02
1.827614754438400269e-02
2.150672860443592072e-02
2.890223264694213867e-02
2.239442244172096252e-02
2.684919536113739014e-02
1.232502330094575882e-02
2.187866717576980591e-02
3.117114678025245667e-02
2.318112738430500031e-02
1.835281401872634888e-02
1.951579935848712921e-02
4.090214893221855164e-02
2.738603018224239349e-02
1.472490839660167694e-02
2.265098877251148224e-02
1.326733175665140152e-02
1.926738582551479340e-02
2.898546494543552399e-02
1.943165808916091919e-02
3.021786920726299286e-02
3.076406195759773254e-02
3.836230188608169556e-02
2.859733253717422485e-02
3.846977278590202332e-02
1.281415764242410660e-02
2.230536565184593201e-02
2.003579586744308472e-02
1.473466493189334869e-02
2.513959631323814392e-02
1.698091998696327209e-02
2.476304024457931519e-02
1.615159586071968079e-02
1.636428758502006531e-02
2.616623602807521820e-02
3.049645014107227325e-02
2.218421176075935364e-02
1.870962604880332947e-02
3.347297012805938721e-02
2.620885148644447327e-02
1.988116465508937836e-02
2.556454576551914215e-02
2.169299125671386719e-02
2.252328209578990936e-02
2.582909353077411652e-02
2.867406047880649567e-02
1.414953544735908508e-02
1.766275428235530853e-02
3.550266474485397339e-02
2.217471227049827576e-02
7.789026945829391479e-03
2.340140566229820251e-02
2.330656535923480988e-02
1.633838936686515808e-02
1.758632436394691467e-02
1.065406482666730881e-02
2.055835537612438202e-02
2.268756739795207977e-02
1.797417551279067993e-02
1.853292249143123627e-02
2.121809870004653931e-02
2.835239656269550323e-02
2.893062122166156769e-02
2.679476328194141388e-02
3.563321754336357117e-02
2.145573869347572327e-02
3.245482593774795532e-02
2.342825569212436676e-02
2.016466483473777771e-02
2.460736595094203949e-02
3.140435740351676941e-02
2.156590670347213745e-02
1.748035848140716553e-02
1.842790283262729645e-02
1.807783916592597961e-02
1.748499087989330292e-02
2.929721772670745850e-02
2.732487954199314117e-02
1.837473362684249878e-02
1.859954185783863068e-02
2.352657541632652283e-02
2.438374049961566925e-02
2.794993110001087189e-02
3.588855639100074768e-02
3.995472937822341919e-02
3.255422040820121765e-02
2.032335847616195679e-02
2.022611722350120544e-02
2.727779559791088104e-02
2.609117887914180756e-02
2.818918228149414062e-02
2.074896171689033508e-02
1.374085713177919388e-02
1.827519387006759644e-02
1.782749779522418976e-02
2.856436930596828461e-02
1.938272081315517426e-02
1.815412938594818115e-02
2.962154522538185120e-02
1.294338703155517578e-02
2.680107764899730682e-02
1.241029426455497742e-02
3.074729256331920624e-02
2.052370458841323853e-02
3.506481647491455078e-02
1.620021648705005646e-02
1.091846171766519547e-02
2.961768023669719696e-02
1.994036696851253510e-02
1.747275516390800476e-02
2.611250057816505432e-02
1.982074603438377380e-02
1.884518004953861237e-02
2.432477287948131561e-02
2.929207682609558105e-02
1.222502160817384720e-02
2.072487957775592804e-02
2.520062774419784546e-02
3.398398309946060181e-02
3.196262568235397339e-02
1.634734496474266052e-02
1.874676533043384552e-02
2.485549077391624451e-02
3.458289429545402527e-02
2.554243057966232300e-02
1.784928888082504272e-02
1.807901822030544281e-02
2.002099528908729553e-02
1.945162191987037659e-02
2.192924730479717255e-02
3.002305701375007629e-02
2.566426247358322144e-02
1.224854215979576111e-02
1.335705257952213287e-02
3.938923776149749756e-02
2.296381816267967224e-02
1.708109863102436066e-02
3.232460841536521912e-02
1.628368347883224487e-02
3.089528903365135193e-02
2.087615802884101868e-02
2.874713391065597534e-02
3.814649209380149841e-02
2.444209717214107513e-02
1.540045067667961121e-02
1.609905064105987549e-02
2.889409847557544708e-02
2.969899028539657593e-02
2.233669534325599670e-02
2.839330211281776428e-02
1.947747729718685150e-02
3.393081948161125183e-02
1.358224824070930481e-02
2.957041747868061066e-02
2.991935797035694122e-02
2.480736747384071350e-02
1.827038452029228210e-02
1.800069026648998260e-02
2.375529520213603973e-02
2.592339180409908295e-02
2.709415182471275330e-02
2.887253835797309875e-02
2.967196144163608551e-02
1.972687803208827972e-02
2.307252213358879089e-02
1.257277652621269226e-02
2.697549760341644287e-02
2.919246815145015717e-02
2.420044876635074615e-02
3.419830277562141418e-02
2.646551840007305145e-02
1.544728130102157593e-02
1.653563044965267181e-02
2.868951857089996338e-02
1.890098489820957184e-02
1.136632170528173447e-02
1.699493266642093658e-02
7.513250224292278290e-03
1.905826292932033539e-02
1.576878689229488373e-02
2.270837686955928802e-02
2.717011235654354095e-02
2.348094061017036438e-02
1.920310780405998230e-02
3.685122355818748474e-02
2.664228715002536774e-02
3.167344257235527039e-02
1.590178348124027252e-02
1.895997300744056702e-02
1.377722993493080139e-02
1.801355555653572083e-02
1.781253330409526825e-02
2.376386150717735291e-02
1.781178824603557587e-02
2.703474089503288269e-02
1.780742220580577850e-02
1.968127302825450897e-02
2.098309807479381561e-02
2.364122308790683746e-02
2.287198416888713837e-02
2.181403897702693939e-02
1.639530621469020844e-02
1.567581109702587128e-02
1.065227296203374863e-02
2.244983427226543427e-02
2.040089294314384460e-02
2.770084515213966370e-02
4.349208250641822815e-02
3.616143390536308289e-02
2.915919385850429535e-02
3.064449504017829895e-02
2.228073775768280029e-02
9.513727389276027679e-03
2.155679278075695038e-02
1.988268643617630005e-02
2.790119685232639313e-02
1.193457655608654022e-02
2.346729673445224762e-02
2.000778168439865112e-02
2.691268362104892731e-02
1.759495399892330170e-02
2.368259616196155548e-02
1.752296090126037598e-02
2.976453676819801331e-02
2.519351243972778320e-02
2.605338767170906067e-02
2.832328341901302338e-02
2.705417759716510773e-02
2.092119306325912476e-02
2.199291624128818512e-02
2.025056816637516022e-02
1.326194033026695251e-02
1.840188726782798767e-02
1.942380890250205994e-02
2.769671194255352020e-02
2.707692608237266541e-02
2.699142880737781525e-02
2.141487412154674530e-02
2.485045604407787323e-02
1.981663331389427185e-02
1.882821135222911835e-02
2.246169932186603546e-02
1.145961601287126541e-02
2.013457939028739929e-02
2.723124250769615173e-02
1.982493698596954346e-02
1.508861221373081207e-02
3.321195393800735474e-02
1.417171582579612732e-02
1.565719582140445709e-02
3.457067161798477173e-02
2.170016057789325714e-02
1.398852095007896423e-02
2.206821367144584656e-02
2.432454936206340790e-02
2.090291306376457214e-02
2.766403742134571075e-02
1.975219324231147766e-02
1.153494697064161301e-02
2.183835580945014954e-02
3.865577653050422668e-02
2.971934713423252106e-02
2.906824089586734772e-02
2.999859862029552460e-02
2.678799815475940704e-02
1.803993992507457733e-02
2.998623624444007874e-02
2.911698259413242340e-02
2.278977259993553162e-02
2.451429702341556549e-02
1.938723027706146240e-02
1.599931158125400543e-02
2.161589823663234711e-02
2.291806787252426147e-02
1.860723830759525299e-02
4.267770424485206604e-02
2.138864435255527496e-02
2.309530787169933319e-02
3.084686771035194397e-02
1.856034994125366211e-02
2.299268729984760284e-02
2.791474945843219757e-02
2.283800207078456879e-02
2.045527659356594086e-02
2.357963472604751587e-02
2.336420305073261261e-02
2.187839895486831665e-02
2.530711144208908081e-02
2.518540620803833008e-02
3.412400558590888977e-02
1.828709058463573456e-02
1.650322601199150085e-02
2.306740358471870422e-02
2.485171705484390259e-02
2.134558558464050293e-02
1.165124308317899704e-02
2.199231274425983429e-02
1.544385775923728943e-02
3.557613492012023926e-02
3.186240419745445251e-02
9.377625770866870880e-03
1.726370677351951599e-02
1.049799844622612000e-02
1.264930609613656998e-02
2.415529452264308929e-02
2.205106057226657867e-02
2.978834323585033417e-02
2.114745415747165680e-02
2.812683582305908203e-02
1.942885294556617737e-02
1.760961301624774933e-02
3.357671201229095459e-02
2.481568232178688049e-02
3.295662254095077515e-02
3.057723492383956909e-02
1.772489957511425018e-02
2.660728618502616882e-02
1.820925995707511902e-02
2.228387631475925446e-02
1.537370868027210236e-02
1.655932143330574036e-02
2.359044551849365234e-02
1.983899809420108795e-02
2.439896389842033386e-02
3.579233214259147644e-02
2.119411155581474304e-02
2.044521272182464600e-02
1.837708242237567902e-02
1.607479527592658997e-02
1.087872032076120377e-02
1.780163869261741638e-02
2.198653295636177063e-02
3.264624252915382385e-02
1.117256097495555878e-02
1.074081938713788986e-02
2.040740288794040680e-02
2.831329032778739929e-02
1.674474962055683136e-02
3.186710178852081299e-02
1.949369907379150391e-02
2.362629957497119904e-02
2.031846903264522552e-02
1.343575585633516312e-02
2.921004220843315125e-02
2.096464857459068298e-02
2.247442677617073059e-02
2.372114546597003937e-02
2.192570082843303680e-02
3.095295280218124390e-02
2.729236707091331482e-02
1.858704909682273865e-02
1.907681114971637726e-02
3.200856223702430725e-02
2.331423014402389526e-02
2.327097021043300629e-02
2.183918841183185577e-02
3.547102957963943481e-02
1.124453265219926834e-02
2.237939462065696716e-02
1.825000345706939697e-02
1.221525482833385468e-02
2.297834306955337524e-02
1.740295998752117157e-02
2.402466349303722382e-02
1.962708868086338043e-02
2.720935456454753876e-02
1.139716617763042450e-02
1.409993600100278854e-02
3.165883943438529968e-02
1.393743418157100677e-02
2.459185197949409485e-02
1.826815493404865265e-02
2.764511667191982269e-02
2.878913097083568573e-02
1.922485232353210449e-02
1.902925036847591400e-02
1.290859561413526535e-02
1.629685983061790466e-02
2.203314192593097687e-02
3.921192139387130737e-02
2.573289908468723297e-02
1.650496572256088257e-02
2.388693578541278839e-02
2.697507292032241821e-02
1.549778971821069717e-02
1.602954603731632233e-02
2.587950602173805237e-02
1.562935113906860352e-02
1.635087095201015472e-02
1.821403019130229950e-02
2.006825804710388184e-02
2.407277002930641174e-02
3.964515402913093567e-02
2.606821060180664062e-02
1.953599415719509125e-02
2.218600176274776459e-02
3.650042787194252014e-02
1.391520164906978607e-02
2.761755324900150299e-02
1.674188300967216492e-02
1.902997866272926331e-02
1.696191355586051941e-02
3.731709346175193787e-02
2.747489139437675476e-02
1.452525053173303604e-02
2.776919305324554443e-02
3.013344481587409973e-02
1.997957564890384674e-02
1.812582276761531830e-02
1.799607649445533752e-02
1.299133338034152985e-02
2.253213524818420410e-02
2.611465007066726685e-02
1.699213124811649323e-02
2.081524394452571869e-02
2.816586010158061981e-02
1.053133327513933182e-02
2.620878256857395172e-02
1.570176519453525543e-02
3.374860063195228577e-02
1.357019506394863129e-02
2.777412347495555878e-02
1.922449469566345215e-02
2.361051924526691437e-02
2.503852173686027527e-02
3.479230776429176331e-02
1.125073991715908051e-02
1.395202521234750748e-02
3.099481202661991119e-02
1.596542634069919586e-02
1.185171119868755341e-02
2.702403441071510315e-02
3.601777553558349609e-02
1.624276489019393921e-02
2.839325740933418274e-02
1.840739883482456207e-02
1.637725904583930969e-02
2.546470239758491516e-02
3.281657397747039795e-02
3.277972340583801270e-02
1.930899545550346375e-02
2.420903183519840240e-02
2.075464278459548950e-02
2.225023508071899414e-02
1.586273312568664551e-02
2.177241630852222443e-02
2.533236704766750336e-02
2.867244184017181396e-02
1.302485913038253784e-02
1.485397573560476303e-02
2.408100105822086334e-02
1.989031583070755005e-02
1.905207894742488861e-02
2.795043960213661194e-02
2.056814543902873993e-02
1.632375642657279968e-02
2.089871838688850403e-02
2.318199351429939270e-02
3.258613497018814087e-02
2.375209517776966095e-02
2.216611243784427643e-02
2.543671429157257080e-02
1.612339541316032410e-02
2.063122205436229706e-02
2.685349434614181519e-02
3.581983968615531921e-02
2.398981153964996338e-02
2.725711837410926819e-02
1.784819364547729492e-02
1.842233166098594666e-02
3.603118658065795898e-02
1.679810136556625366e-02
1.112515758723020554e-02
2.412108518183231354e-02
2.144707553088665009e-02
2.253238670527935028e-02
2.183199673891067505e-02
1.810821704566478729e-02
1.751839928328990936e-02
2.194985188543796539e-02
2.402307093143463135e-02
1.561531145125627518e-02
2.269487455487251282e-02
2.633044682443141937e-02
2.953092567622661591e-02
2.164710499346256256e-02
8.730980567634105682e-03
1.904886402189731598e-02
2.232991345226764679e-02
1.437525451183319092e-02
2.637736313045024872e-02
1.790296472609043121e-02
2.395094931125640869e-02
1.935239881277084351e-02
2.373467944562435150e-02
1.511466223746538162e-02
1.613118872046470642e-02
2.176666073501110077e-02
2.342113852500915527e-02
3.290702775120735168e-02
1.789023540914058685e-02
1.338081341236829758e-02
2.701512910425662994e-02
3.165626153349876404e-02
2.258354611694812775e-02
2.040323056280612946e-02
2.713052369654178619e-02
9.643358178436756134e-03
2.667684480547904968e-02
1.899935118854045868e-02
2.410887554287910461e-02
2.026921510696411133e-02
2.192686311900615692e-02
1.145601645112037659e-02
1.639389991760253906e-02
2.226465381681919098e-02
3.463869914412498474e-02
1.406816113740205765e-02
2.325270324945449829e-02
2.820775657892227173e-02
2.940215915441513062e-02
2.365014329552650452e-02
1.252628862857818604e-02
2.877691015601158142e-02
2.519232966005802155e-02
3.539726138114929199e-02
2.660907432436943054e-02
2.113364078104496002e-02
1.885091140866279602e-02
1.352386735379695892e-02
1.758244633674621582e-02
2.470899745821952820e-02
2.724774740636348724e-02
2.249143645167350769e-02
3.006311506032943726e-02
2.451807260513305664e-02
1.630130968987941742e-02
2.668251469731330872e-02
1.913005486130714417e-02
2.080936543643474579e-02
2.741138264536857605e-02
3.386346623301506042e-02
1.573213003575801849e-02
3.036472946405410767e-02
1.873198710381984711e-02
2.484040893614292145e-02
1.477078907191753387e-02
2.777621895074844360e-02
9.846284985542297363e-03
2.398492023348808289e-02
2.533933147788047791e-02
2.371042035520076752e-02
2.765613794326782227e-02
1.672269776463508606e-02
1.552540715783834457e-02
3.267677500844001770e-02
1.635992899537086487e-02
1.820411160588264465e-02
1.876156777143478394e-02
2.244146913290023804e-02
1.977318897843360901e-02
2.292210236191749573e-02
2.861136756837368011e-02
1.785800792276859283e-02
1.228116359561681747e-02
2.441920898854732513e-02
1.468791812658309937e-02
1.230192556977272034e-02
1.601523533463478088e-02
2.681900933384895325e-02
2.445458993315696716e-02
1.432298310101032257e-02
2.243609167635440826e-02
2.708148211240768433e-02
1.265817694365978241e-02
1.230035908520221710e-02
2.068215049803256989e-02
3.512372821569442749e-02
2.325557917356491089e-02
2.763954922556877136e-02
1.818046718835830688e-02
9.938813745975494385e-03
2.825023047626018524e-02
1.991113834083080292e-02
1.655278354883193970e-02
2.117236144840717316e-02
2.435092814266681671e-02
2.076090313494205475e-02
2.729982882738113403e-02
1.406438369303941727e-02
7.612336426973342896e-03
2.535008452832698822e-02
1.807004213333129883e-02
1.762487739324569702e-02
2.425054274499416351e-02
2.247655577957630157e-02
1.709806360304355621e-02
1.834123954176902771e-02
1.383399404585361481e-02
1.596231199800968170e-02
1.249433215707540512e-02
1.255455147475004196e-02
2.159569412469863892e-02
2.271353080868721008e-02
2.585890144109725952e-02
2.796240523457527161e-02
1.968865655362606049e-02
1.732238382101058960e-02
1.390751358121633530e-02
1.349867321550846100e-02
1.705086231231689453e-02
1.266334950923919678e-02
2.851513028144836426e-02
1.900449208915233612e-02
2.560713700950145721e-02
2.221449092030525208e-02
3.853794187307357788e-02
2.648548223078250885e-02
3.320497274398803711e-02
3.135972842574119568e-02
2.679315023124217987e-02
1.993187144398689270e-02
3.019047528505325317e-02
1.958150789141654968e-02
1.835214719176292419e-02
2.442243136465549469e-02
3.667737916111946106e-02
3.478096053004264832e-02
2.706252411007881165e-02
3.249699249863624573e-02
1.474493462592363358e-02
2.614335343241691589e-02
2.748363092541694641e-02
2.623785100877285004e-02
1.577134989202022552e-02
1.246381737291812897e-02
1.884438097476959229e-02
1.523328572511672974e-02
3.202501684427261353e-02
2.455328777432441711e-02
1.398631371557712555e-02
1.539743132889270782e-02
1.764392666518688202e-02
1.348280441015958786e-02
9.739742614328861237e-03
2.082864381372928619e-02
2.247983962297439575e-02
2.234819158911705017e-02
2.694316953420639038e-02
2.062859944999217987e-02
9.398786351084709167e-03
1.505408529192209244e-02
2.628588490188121796e-02
2.005629613995552063e-02
1.405840832740068436e-02
2.398275211453437805e-02
3.042693249881267548e-02
1.347039360553026199e-02
1.165959052741527557e-02
1.938237622380256653e-02
2.048532292246818542e-02
1.684007234871387482e-02
2.252767048776149750e-02
1.777867414057254791e-02
2.861938998103141785e-02
1.152748148888349533e-02
2.369644492864608765e-02
3.071997128427028656e-02
1.615087315440177917e-02
1.951617747545242310e-02
9.481810964643955231e-03
1.980228908360004425e-02
2.574967592954635620e-02
1.131766848266124725e-02
1.696016453206539154e-02
2.940618060529232025e-02
2.734984643757343292e-02
2.790246345102787018e-02
3.405825793743133545e-02
1.658431254327297211e-02
1.907975785434246063e-02
3.007376380264759064e-02
2.439936622977256775e-02
2.103582024574279785e-02
3.123847767710685730e-02
1.240334566682577133e-02
2.483013458549976349e-02
2.290204726159572601e-02
2.162224799394607544e-02
2.740319445729255676e-02
1.542442198842763901e-02
1.568692922592163086e-02
2.040525898337364197e-02
1.637086272239685059e-02
1.946271583437919617e-02
2.175699360668659210e-02
3.761919960379600525e-02
2.269604057073593140e-02
3.807983174920082092e-02
2.683257497847080231e-02
1.899567060172557831e-02
2.560394816100597382e-02
2.011833339929580688e-02
2.356626652181148529e-02
1.973297260701656342e-02
1.303405314683914185e-02
2.744263596832752228e-02
1.453097071498632431e-02
1.928605325520038605e-02
1.597660593688488007e-02
1.046620309352874756e-02
1.447998732328414917e-02
2.554203569889068604e-02
2.453237958252429962e-02
2.006090991199016571e-02
1.856567896902561188e-02
2.237394638359546661e-02
2.074941620230674744e-02
2.052134089171886444e-02
1.312714256346225739e-02
3.365867212414741516e-02
1.533350814133882523e-02
2.076344564557075500e-02
2.896968647837638855e-02
2.162390947341918945e-02
3.000477701425552368e-02
1.318564545363187790e-02
1.609791256487369537e-02
1.928397454321384430e-02
1.480820588767528534e-02
2.043654024600982666e-02
2.383806928992271423e-02
1.650192961096763611e-02
2.213873900473117828e-02
2.836473844945430756e-02
1.640255376696586609e-02
2.662892267107963562e-02
2.706303820013999939e-02
2.391537278890609741e-02
1.545999851077795029e-02
1.720982044935226440e-02
2.481719851493835449e-02
1.407397910952568054e-02
1.695366017520427704e-02
1.984773576259613037e-02
2.858320437371730804e-02
1.914790086448192596e-02
1.784317754209041595e-02
2.206540293991565704e-02
2.955992892384529114e-02
2.351513132452964783e-02
2.967761270701885223e-02
1.336545124650001526e-02
9.723896160721778870e-03
1.440948527306318283e-02
2.838019095361232758e-02
4.287426918745040894e-02
2.796168439090251923e-02
2.812768146395683289e-02
2.562175504863262177e-02
1.589439436793327332e-02
2.512983977794647217e-02
1.846107468008995056e-02
2.416282147169113159e-02
1.561684720218181610e-02
2.629772387444972992e-02
2.833692729473114014e-02
1.716579869389533997e-02
1.682983897626399994e-02
2.136700414121150970e-02
2.430497296154499054e-02
2.511323429644107819e-02
2.462148666381835938e-02
1.999340392649173737e-02
1.867885515093803406e-02
1.323737390339374542e-02
2.147604152560234070e-02
1.794032938778400421e-02
2.703859843313694000e-02
3.364563360810279846e-02
2.550819516181945801e-02
1.501769386231899261e-02
1.875252649188041687e-02
1.641521789133548737e-02
3.454421088099479675e-02
3.304116427898406982e-02
2.051629312336444855e-02
1.999750733375549316e-02
2.087135799229145050e-02
2.387031912803649902e-02
1.580522395670413971e-02
2.099921368062496185e-02
3.367205709218978882e-02
1.609809882938861847e-02
1.354321744292974472e-02
1.392377074807882309e-02
2.002851665019989014e-02
2.356760390102863312e-02
1.580282486975193024e-02
2.760858833789825439e-02
3.181632608175277710e-02
1.751942001283168793e-02
1.949436776340007782e-02
2.822465263307094574e-02
2.291037701070308685e-02
1.735728979110717773e-02
1.776678487658500671e-02
2.896490879356861115e-02
2.589280344545841217e-02
1.416144147515296936e-02
1.503519155085086823e-02
2.044016681611537933e-02
1.874880492687225342e-02
1.715206913650035858e-02
2.328544668853282928e-02
2.737338840961456299e-02
3.613250702619552612e-02
1.550859585404396057e-02
1.431835349649190903e-02
2.045148611068725586e-02
1.972330361604690552e-02
1.638885587453842163e-02
2.340260520577430725e-02
2.055747620761394501e-02
1.574550196528434753e-02
3.099370747804641724e-02
2.128999680280685425e-02
1.050347462296485901e-02
1.297330018132925034e-02
2.412234432995319366e-02
2.052523195743560791e-02
1.423816569149494171e-02
1.700616255402565002e-02
2.527023851871490479e-02
2.399132587015628815e-02
2.187578566372394562e-02
1.571373641490936279e-02
1.991901546716690063e-02
2.175532653927803040e-02
1.923268474638462067e-02
1.926561631262302399e-02
1.163105387240648270e-02
1.205145660787820816e-02
2.392999269068241119e-02
1.837117224931716919e-02
1.510205771774053574e-02
1.742533966898918152e-02
2.922500856220722198e-02
2.292017638683319092e-02
2.984992414712905884e-02
1.909082382917404175e-02
3.276772797107696533e-02
1.117045991122722626e-02
1.518707536160945892e-02
1.797510869801044464e-02
2.739461511373519897e-02
2.313113771378993988e-02
3.218785673379898071e-02
1.620437391102313995e-02
1.737626641988754272e-02
2.681201510131359100e-02
2.624278143048286438e-02
1.341876294463872910e-02
3.431461006402969360e-02
2.105365134775638580e-02
2.515759691596031189e-02
2.669682539999485016e-02
2.268519997596740723e-02
1.698901318013668060e-02
1.810778118669986725e-02
2.176085300743579865e-02
1.834437064826488495e-02
2.658765390515327454e-02
2.413061819970607758e-02
9.233058430254459381e-03
2.661589905619621277e-02
2.125542424619197845e-02
2.086633071303367615e-02
1.420546043664216995e-02
2.653242275118827820e-02
2.032702974975109100e-02
2.005117759108543396e-02
2.098900452256202698e-02
1.956747099757194519e-02
2.730723842978477478e-02
3.394418954849243164e-02
2.342729084193706512e-02
2.170607261359691620e-02
1.152625959366559982e-02
1.495758537203073502e-02
2.410093322396278381e-02
2.110934257507324219e-02
2.414309792220592499e-02
1.657705567777156830e-02
1.857846044003963470e-02
2.104355767369270325e-02
1.230136398226022720e-02
1.916326023638248444e-02
3.119569644331932068e-02
1.637021824717521667e-02
1.890145614743232727e-02
3.692593052983283997e-02
2.195153199136257172e-02
2.997058257460594177e-02
1.362180989235639572e-02
1.058431155979633331e-02
2.175760641694068909e-02
1.049705408513545990e-02
2.175581268966197968e-02
1.596646755933761597e-02
2.608525007963180542e-02
1.708061434328556061e-02
2.323060296475887299e-02
2.147309295833110809e-02
1.911469548940658569e-02
2.720266021788120270e-02
